2
5
7
8
13
14
18
20
20
22
22
30
31
35
41
43
43
45
52
53
62
63
63
63
65
71
72
75
80
83
83
85
93
94
99
102
102
104
110
111
114
115
116
121
132
134
142
143
144
145
147
148
156
170
171
173
175
180
182
187
187
198
198
206
208
218
218
221
222
229
235
237
240
241
243
248
248
248
250
253
264
265
265
267
270
275
293
298
309
317
317
318
321
322
329
330
332
338
340
341
343
343
345
350
351
357
364
364
365
369
376
387
390
390
392
396
403
403
404
406
408
414
418
424
433
434
435
440
440
443
445
448
451
457
459
460
462
464
467
471
474
474
476
478
482
484
491
492
497
497
509
513
520
523
529
530
538
544
545
545
547
550
552
553
554
556
561
564
569
570
571
577
588
590
593
596
598
604
604
605
613
616
620
622
633
638
643
646
646
649
664
666
667
672
672
673
677
679
680
683
694
698
699
701
715
724
737
739
739
742
743
745
746
747
751
756
759
766
766
767
778
779
790
803
804
809
811
814
823
826
828
830
833
838
841
843
844
847
856
856
857
865
871
873
875
877
879
880
883
890
891
893
894
895
902
904
905
906
924
927
943
964
969
974
976
982
984
986
988
988
992
996
999
1017
1020
1021
1025
1031
1032
1032
1045
1047
1055
1059
1067
1069
1071
1072
1077
1079
1079
1083
1083
1084
1087
1095
1096
1108
1111
1114
1114
1117
1119
1120
1121
1122
1123
1124
1125
1125
1129
1129
1129
1132
1136
1147
1150
1151
1159
1159
1169
1175
1190
1193
1197
1205
1209
1209
1210
1211
1212
1216
1216
1223
1225
1226
1227
1235
1237
1239
1239
1246
1250
1252
1254
1255
1256
1262
1264
1267
1277
1281
1281
1281
1282
1284
1286
1287
1287
1288
1295
1296
1297
1300
1302
1305
1306
1308
1318
1326
1329
1332
1334
1336
1337
1339
1339
1340
1341
1343
1343
1354
1359
1363
1368
1374
1376
1376
1382
1392
1403
1405
1405
1408
1409
1418
1429
1431
1431
1445
1449
1454
1456
1458
1460
1461
1464
1473
1477
1477
1477
1480
1487
1493
1495
1500
1506
1514
1534
1536
1542
1546
1546
1547
1547
1547
1555
1560
1561
1561
1562
1566
1572
1573
1579
1587
1588
1588
1597
1599
1602
1603
1603
1605
1608
1611
1615
1618
1618
1618
1620
1620
1631
1632
1643
1643
1645
1649
1658
1660
1660
1677
1678
1679
1683
1686
1695
1698
1698
1702
1704
1706
1720
1721
1724
1725
1727
1734
1734
1735
1737
1739
1741
1747
1750
1754
1759
1760
1765
1770
1775
1778
1778
1778
1779
1780
1780
1784
1784
1784
1786
1788
1790
1793
1796
1797
1805
1809
1814
1819
1826
1829
1835
1843
1850
1853
1856
1859
1861
1864
1869
1875
1881
1885
1886
1893
1895
1898
1902
1903
1907
1908
1915
1917
1928
1929
1936
1937
1949
1951
1952
1954
1955
1956
1958
1958
1959
1962
1962
1968
1969
1970
1971
1980
1987
1987
1990
1999
2000
2000
2001
2005
2015
2016
2018
2021
2022
2026
2027
2031
2038
2040
2058
2059
2066
2067
2069
2074
2077
2078
2085
2085
2086
2087
2087
2087
2090
2091
2093
2095
2099
2099
2108
2109
2110
2112
2113
2114
2117
2123
2123
2129
2131
2133
2135
2136
2141
2142
2143
2147
2153
2157
2159
2166
2171
2171
2177
2178
2179
2180
2181
2188
2189
2192
2197
2197
2198
2198
2204
2213
2215
2221
2225
2225
2227
2234
2239
2241
2246
2247
2252
2256
2256
2264
2277
2277
2281
2281
2289
2304
2307
2318
2320
2324
2324
2327
2329
2330
2334
2340
2348
2350
2355
2356
2358
2360
2367
2368
2373
2373
2378
2387
2400
2400
2401
2402
2404
2406
2409
2409
2409
2412
2414
2418
2423
2423
2424
2427
2429
2431
2432
2434
2434
2434
2437
2448
2450
2452
2455
2456
2458
2463
2466
2466
2467
2467
2485
2485
2485
2489
2492
2492
2496
2499
2503
2503
2510
2513
2517
2519
2522
2533
2533
2534
2535
2537
2537
2539
2542
2543
2545
2545
2547
2550
2551
2558
2560
2565
2568
2571
2572
2572
2580
2584
2590
2597
2598
2599
2600
2602
2602
2606
2607
2612
2615
2616
2619
2621
2627
2627
2628
2633
2635
2643
2647
2650
2656
2663
2665
2665
2672
2679
2683
2685
2687
2690
2690
2693
2696
2713
2715
2731
2732
2734
2739
2740
2743
2746
2747
2747
2751
2756
2756
2759
2761
2763
2763
2765
2767
2771
2772
2774
2776
2783
2787
2789
2789
2792
2792
2797
2797
2799
2801
2807
2810
2819
2824
2826
2827
2827
2833
2834
2837
2839
2844
2846
2853
2854
2856
2867
2867
2869
2870
2871
2876
2884
2885
2889
2890
2893
2896
2896
2896
2897
2914
2915
2919
2919
2925
2931
2934
2934
2934
2936
2940
2946
2948
2950
2956
2958
2959
2960
2966
2968
2971
2971
2975
2975
2976
2977
2977
2978
2983
2985
2989
2993
2997
2999
2999
3001
3003
3003
3006
3007
3011
3012
3034
3046
3047
3048
3050
3050
3050
3053
3055
3065
3068
3068
3071
3072
3074
3079
3079
3083
3092
3095
3096
3098
3100
3101
3108
3109
3112
3115
3115
3115
3115
3118
3118
3121
3126
3131
3135
3135
3137
3137
3139
3140
3140
3149
3160
3164
3168
3174
3174
3182
3184
3186
3193
3200
3209
3212
3223
3234
3238
3242
3250
3252
3254
3254
3258
3259
3263
3263
3266
3266
3273
3274
3275
3277
3278
3282
3284
3289
3302
3307
3308
3309
3309
3313
3321
3324
3327
3334
3339
3340
3341
3342
3343
3346
3346
3348
3353
3361
3362
3362
3364
3366
3377
3381
3381
3384
3391
3393
3394
3394
3395
3395
3399
3401
3404
3405
3406
3409
3414
3414
3424
3425
3426
3434
3440
3440
3446
3449
3450
3451
3457
3460
3463
3464
3466
3468
3470
3470
3479
3480
3482
3487
3491
3492
3498
3499
3499
3506
3509
3513
3518
3520
3521
3523
3523
3526
3529
3529
3530
3530
3540
3543
3544
3545
3545
3547
3549
3550
3553
3564
3565
3565
3567
3567
3572
3573
3576
3576
3578
3579
3582
3585
3586
3587
3590
3591
3591
3595
3596
3597
3599
3604
3612
3613
3616
3621
3626
3629
3630
3634
3635
3636
3637
3640
3641
3643
3647
3650
3654
3660
3661
3665
3670
3670
3676
3679
3681
3682
3683
3689
3692
3694
3698
3700
3701
3704
3708
3711
3713
3720
3722
3722
3725
3728
3738
3739
3748
3751
3751
3752
3754
3755
3757
3758
3759
3759
3759
3764
3768
3770
3782
3783
3786
3794
3794
3799
3800
3809
3813
3823
3825
3825
3827
3827
3827
3828
3828
3828
3833
3841
3841
3842
3843
3849
3858
3869
3873
3882
3891
3892
3892
3893
3893
3901
3903
3905
3905
3909
3910
3910
3913
3914
3915
3916
3918
3925
3926
3927
3932
3935
3942
3942
3946
3950
3953
3953
3957
3963
3969
3969
3970
3979
3982
3983
3984
3985
3985
3986
3987
4000
4004
4010
4017
4019
4022
4024
4024
4026
4028
4032
4033
4038
4041
4043
4045
4051
4051
4055
4055
4057
4060
4065
4065
4068
4070
4081
4082
4085
4085
4093
4096
4098
4099
4101
4105
4109
4114
4115
4125
4126
4130
4136
4138
4143
4148
4151
4154
4157
4161
4162
4168
4168
4169
4170
4171
4173
4173
4182
4206
4206
4212
4214
4216
4220
4222
4224
4226
4233
4238
4244
4247
4247
4255
4255
4257
4269
4274
4275
4278
4281
4283
4288
4294
4297
4297
4304
4310
4310
4312
4312
4324
4327
4330
4331
4341
4348
4349
4353
4355
4359
4362
4363
4367
4378
4378
4378
4383
4384
4396
4397
4404
4404
4405
4411
4417
4418
4422
4423
4430
4434
4437
4441
4442
4443
4447
4450
4451
4454
4459
4465
4465
4467
4470
4473
4481
4482
4484
4484
4485
4486
4486
4488
4494
4495
4496
4496
4499
4502
4505
4509
4512
4512
4513
4515
4522
4523
4535
4539
4542
4546
4550
4551
4551
4552
4553
4557
4558
4558
4561
4561
4567
4567
4569
4571
4575
4576
4576
4579
4582
4585
4587
4589
4593
4594
4597
4597
4600
4602
4609
4611
4613
4614
4614
4617
4619
4619
4619
4629
4630
4637
4638
4649
4671
4678
4683
4685
4688
4689
4689
4691
4691
4692
4692
4693
4698
4699
4714
4719
4721
4725
4741
4743
4748
4748
4750
4752
4754
4755
4757
4762
4766
4768
4772
4780
4782
4793
4798
4807
4809
4811
4812
4821
4826
4828
4829
4854
4855
4856
4858
4859
4861
4868
4873
4879
4888
4888
4890
4894
4895
4898
4900
4900
4914
4918
4925
4928
4931
4933
4938
4942
4946
4952
4958
4959
4959
4962
4963
4963
4964
4968
4969
4971
4972
4974
4979
4980
4982
4985
4987
4991
4992
4999
5004
5005
5007
5014
5015
5017
5017
5017
5030
5030
5031
5036
5041
5043
5045
5046
5046
5047
5053
5054
5055
5056
5058
5063
5065
5066
5068
5079
5080
5091
5092
5101
5105
5110
5112
5112
5113
5113
5117
5117
5118
5125
5129
5132
5134
5138
5144
5147
5148
5153
5155
5157
5157
5157
5165
5167
5170
5178
5179
5179
5182
5184
5185
5188
5188
5193
5199
5202
5204
5204
5208
5217
5223
5226
5227
5232
5242
5244
5253
5255
5257
5260
5261
5263
5266
5278
5281
5287
5289
5304
5307
5321
5324
5326
5329
5329
5333
5335
5338
5338
5340
5343
5344
5344
5351
5355
5358
5359
5364
5366
5366
5367
5377
5377
5378
5385
5390
5397
5401
5403
5404
5416
5418
5419
5421
5423
5433
5440
5446
5447
5455
5472
5474
5477
5477
5479
5481
5487
5490
5493
5498
5512
5514
5516
5519
5523
5523
5528
5540
5546
5546
5546
5547
5552
5552
5554
5555
5564
5573
5574
5585
5594
5594
5596
5600
5601
5601
5602
5608
5611
5613
5613
5615
5620
5623
5624
5624
5629
5630
5632
5633
5636
5639
5641
5643
5643
5643
5644
5645
5646
5650
5652
5659
5662
5667
5669
5670
5678
5678
5682
5693
5695
5695
5695
5697
5697
5700
5706
5710
5712
5715
5716
5717
5717
5718
5722
5725
5725
5731
5732
5736
5740
5742
5744
5744
5745
5750
5751
5753
5754
5759
5764
5765
5767
5768
5769
5771
5772
5773
5777
5781
5784
5785
5786
5787
5789
5789
5790
5792
5797
5799
5804
5808
5809
5812
5819
5826
5828
5829
5829
5829
5830
5831
5839
5839
5841
5845
5848
5853
5861
5863
5868
5868
5871
5876
5878
5879
5879
5886
5890
5891
5893
5901
5901
5916
5924
5925
5934
5935
5936
5936
5939
5939
5940
5941
5944
5949
5956
5958
5960
5963
5969
5971
5972
5973
5977
5981
5983
5988
5989
5990
5992
5993
5993
5998
6000
6003
6005
6009
6016
6018
6023
6025
6026
6028
6028
6034
6034
6036
6047
6048
6050
6055
6068
6069
6072
6073
6076
6084
6095
6096
6098
6101
6103
6104
6104
6109
6110
6111
6112
6114
6120
6123
6128
6132
6134
6137
6138
6140
6146
6147
6154
6155
6158
6165
6169
6169
6173
6178
6185
6188
6191
6196
6198
6201
6201
6201
6202
6202
6202
6208
6209
6212
6219
6221
6222
6224
6231
6232
6233
6233
6241
6253
6254
6257
6263
6265
6266
6267
6269
6273
6274
6276
6280
6284
6284
6300
6302
6310
6311
6318
6322
6322
6323
6334
6340
6346
6347
6355
6356
6357
6374
6375
6376
6378
6379
6383
6384
6388
6389
6390
6391
6392
6395
6396
6400
6406
6411
6412
6412
6413
6414
6415
6419
6426
6428
6439
6441
6442
6443
6458
6458
6459
6460
6462
6471
6473
6473
6476
6479
6482
6484
6493
6494
6494
6500
6501
6501
6502
6503
6505
6505
6507
6511
6514
6514
6521
6523
6526
6528
6529
6529
6531
6533
6538
6540
6541
6544
6545
6549
6552
6553
6554
6557
6561
6564
6570
6571
6576
6584
6589
6591
6599
6600
6601
6607
6610
6611
6613
6620
6622
6622
6623
6625
6627
6627
6636
6638
6639
6640
6647
6649
6651
6660
6664
6669
6673
6673
6680
6687
6687
6693
6699
6701
6705
6713
6713
6716
6723
6734
6735
6737
6737
6738
6746
6749
6758
6760
6763
6768
6768
6769
6770
6771
6772
6777
6782
6788
6793
6793
6798
6799
6806
6808
6809
6816
6817
6817
6820
6821
6825
6827
6835
6842
6843
6846
6847
6860
6861
6866
6867
6868
6876
6881
6883
6887
6888
6892
6892
6893
6896
6900
6904
6920
6922
6923
6923
6925
6927
6929
6929
6930
6931
6932
6939
6943
6962
6964
6966
6968
6976
6984
6985
6985
6986
6989
6992
6995
6999
7001
7001
7008
7010
7015
7018
7018
7023
7025
7026
7026
7026
7036
7040
7040
7042
7044
7045
7047
7049
7055
7061
7062
7062
7064
7070
7076
7077
7080
7082
7086
7090
7098
7100
7101
7101
7111
7111
7115
7120
7123
7124
7127
7128
7129
7129
7130
7134
7140
7141
7143
7146
7153
7156
7158
7162
7164
7164
7167
7168
7170
7173
7175
7176
7176
7177
7182
7190
7191
7193
7197
7198
7202
7206
7211
7215
7220
7224
7226
7230
7231
7232
7237
7241
7241
7247
7248
7249
7251
7252
7254
7256
7260
7265
7270
7276
7281
7282
7282
7284
7286
7289
7292
7297
7297
7297
7305
7309
7309
7311
7316
7318
7318
7319
7321
7325
7332
7336
7343
7345
7351
7351
7353
7354
7354
7359
7362
7362
7368
7368
7370
7379
7384
7386
7390
7392
7394
7397
7399
7408
7408
7411
7412
7414
7414
7420
7428
7429
7434
7434
7441
7456
7457
7457
7461
7463
7464
7472
7473
7473
7477
7484
7485
7486
7486
7488
7489
7492
7494
7495
7495
7496
7497
7501
7504
7507
7513
7515
7515
7522
7524
7525
7526
7530
7538
7541
7544
7548
7550
7555
7556
7558
7560
7560
7568
7572
7577
7586
7591
7608
7609
7609
7610
7612
7613
7615
7615
7618
7619
7623
7623
7627
7630
7636
7640
7643
7643
7643
7646
7653
7660
7665
7672
7685
7685
7686
7688
7693
7697
7698
7709
7709
7710
7713
7718
7721
7728
7737
7744
7747
7747
7747
7754
7759
7766
7766
7766
7766
7780
7781
7784
7790
7792
7792
7800
7805
7805
7808
7812
7813
7813
7825
7830
7830
7832
7832
7832
7834
7838
7838
7839
7846
7853
7857
7866
7866
7866
7867
7871
7871
7876
7878
7879
7882
7884
7890
7892
7895
7896
7897
7911
7912
7913
7915
7917
7920
7930
7932
7932
7935
7936
7937
7950
7952
7959
7961
7966
7974
7976
7976
7981
7984
7993
7996
7997
8003
8015
8016
8016
8017
8021
8023
8031
8032
8038
8042
8043
8044
8054
8055
8060
8063
8066
8067
8068
8068
8073
8078
8079
8088
8089
8091
8093
8093
8103
8106
8107
8111
8111
8115
8118
8119
8121
8122
8124
8124
8127
8129
8129
8132
8134
8143
8143
8144
8144
8146
8150
8151
8157
8162
8166
8169
8169
8170
8177
8179
8186
8197
8197
8198
8208
8210
8211
8224
8227
8228
8228
8231
8238
8246
8249
8252
8255
8261
8268
8276
8278
8279
8284
8292
8293
8297
8300
8303
8303
8313
8316
8316
8317
8321
8325
8325
8331
8332
8337
8338
8339
8340
8342
8343
8350
8360
8363
8365
8373
8373
8382
8385
8392
8394
8395
8396
8397
8398
8398
8403
8404
8408
8408
8410
8414
8415
8417
8423
8428
8430
8435
8437
8443
8448
8451
8451
8458
8458
8462
8463
8464
8474
8477
8483
8485
8486
8488
8488
8488
8493
8498
8512
8513
8516
8523
8525
8527
8529
8532
8537
8538
8538
8541
8543
8547
8555
8556
8559
8561
8569
8570
8572
8573
8576
8576
8578
8582
8585
8588
8590
8591
8592
8598
8598
8599
8599
8599
8602
8604
8606
8607
8607
8612
8614
8615
8616
8619
8622
8633
8636
8642
8645
8661
8661
8663
8677
8678
8681
8681
8681
8682
8686
8688
8697
8703
8707
8710
8710
8713
8716
8717
8718
8720
8731
8734
8734
8735
8736
8736
8737
8738
8741
8753
8755
8756
8760
8763
8765
8766
8770
8773
8774
8781
8783
8787
8789
8797
8804
8807
8808
8812
8817
8819
8819
8819
8822
8822
8827
8830
8830
8832
8834
8834
8839
8845
8847
8851
8854
8856
8860
8861
8862
8865
8865
8869
8872
8878
8880
8882
8884
8893
8896
8896
8907
8912
8915
8916
8916
8921
8922
8924
8929
8932
8936
8936
8938
8940
8942
8945
8951
8955
8958
8978
8978
8983
8985
8988
8988
8989
8996
9010
9012
9016
9016
9017
9020
9020
9025
9027
9029
9030
9032
9033
9034
9035
9039
9039
9047
9052
9054
9056
9059
9064
9065
9067
9076
9078
9079
9084
9086
9087
9089
9089
9089
9092
9093
9094
9106
9113
9115
9117
9118
9121
9124
9134
9135
9140
9141
9142
9144
9145
9145
9155
9157
9159
9159
9162
9169
9172
9173
9177
9177
9183
9185
9204
9205
9205
9205
9206
9206
9208
9219
9219
9219
9221
9223
9223
9227
9230
9233
9237
9250
9253
9253
9256
9262
9266
9267
9270
9273
9275
9277
9280
9281
9283
9283
9284
9287
9288
9289
9292
9293
9294
9295
9301
9302
9303
9308
9311
9318
9321
9322
9326
9329
9334
9336
9337
9338
9343
9348
9349
9359
9368
9370
9371
9372
9377
9380
9381
9383
9387
9393
9395
9395
9400
9404
9410
9424
9429
9444
9446
9446
9453
9455
9467
9468
9475
9475
9477
9481
9484
9484
9486
9497
9497
9497
9499
9504
9506
9507
9512
9519
9522
9532
9533
9535
9538
9543
9551
9551
9553
9557
9560
9561
9562
9563
9564
9579
9599
9602
9603
9605
9612
9617
9624
9626
9629
9634
9634
9636
9644
9649
9656
9657
9657
9662
9663
9663
9665
9673
9674
9675
9676
9683
9686
9689
9693
9696
9697
9701
9701
9704
9704
9708
9714
9716
9716
9723
9732
9733
9738
9738
9739
9745
9752
9754
9761
9763
9766
9768
9770
9775
9778
9783
9784
9785
9786
9787
9795
9797
9801
9805
9810
9811
9814
9815
9823
9824
9826
9831
9833
9833
9837
9838
9839
9843
9868
9868
9879
9886
9894
9895
9895
9898
9906
9910
9916
9921
9940
9944
9945
9951
9952
9953
9956
9958
9959
9961
9969
9969
9974
9977
9977
9978
9978
9985
9986
9987
9988
9994
9996
9997
10013
10028
10030
10030
10031
10038
10048
10050
10050
10054
10058
10061
10061
10063
10068
10068
10069
10072
10078
10092
10100
10102
10106
10106
10111
10112
10115
10124
10129
10130
10133
10138
10149
10154
10166
10169
10172
10174
10179
10179
10181
10187
10188
10189
10192
10192
10198
10201
10204
10204
10205
10205
10206
10208
10216
10219
10221
10222
10228
10230
10235
10236
10247
10248
10252
10253
10253
10254
10254
10254
10259
10261
10261
10266
10267
10267
10268
10272
10275
10281
10282
10284
10288
10290
10297
10298
10307
10314
10317
10322
10324
10326
10330
10336
10338
10339
10341
10341
10346
10346
10349
10351
10353
10355
10356
10363
10373
10373
10375
10379
10380
10385
10387
10387
10389
10391
10391
10392
10392
10396
10398
10398
10401
10404
10409
10416
10419
10420
10422
10425
10425
10428
10435
10438
10440
10440
10440
10442
10447
10448
10449
10451
10453
10454
10454
10457
10458
10459
10459
10465
10466
10466
10466
10472
10473
10476
10480
10482
10490
10494
10508
10510
10511
10512
10513
10516
10522
10527
10529
10530
10535
10535
10536
10537
10542
10545
10545
10545
10552
10555
10558
10564
10569
10580
10594
10597
10598
10613
10616
10622
10627
10628
10629
10635
10641
10644
10647
10648
10657
10659
10663
10665
10668
10669
10669
10671
10687
10687
10689
10691
10696
10697
10706
10709
10710
10711
10714
10718
10721
10722
10728
10730
10737
10741
10756
10759
10759
10770
10775
10785
10788
10796
10797
10798
10801
10802
10813
10815
10821
10829
10831
10831
10838
10838
10840
10844
10845
10848
10848
10849
10849
10850
10855
10856
10857
10859
10861
10863
10863
10864
10865
10866
10870
10874
10878
10887
10887
10888
10889
10901
10901
10902
10906
10906
10911
10914
10914
10920
10921
10921
10923
10927
10938
10940
10940
10940
10947
10957
10961
10962
10967
10971
10972
10975
10980
10982
10982
10985
10988
10993
11001
11001
11003
11005
11007
11008
11008
11009
11013
11018
11020
11026
11027
11028
11030
11031
11032
11033
11034
11035
11036
11037
11054
11062
11062
11064
11065
11067
11068
11071
11078
11081
11083
11095
11101
11104
11107
11110
11112
11116
11116
11118
11119
11119
11126
11128
11143
11144
11144
11153
11156
11157
11160
11162
11165
11165
11168
11171
11171
11172
11175
11175
11177
11182
11182
11186
11189
11191
11193
11197
11197
11197
11200
11203
11206
11207
11210
11214
11214
11218
11220
11220
11222
11224
11224
11232
11233
11235
11235
11235
11236
11251
11253
11261
11262
11268
11273
11274
11278
11279
11282
11289
11290
11295
11298
11299
11304
11307
11315
11316
11318
11321
11327
11328
11332
11334
11337
11342
11345
11350
11350
11351
11351
11355
11356
11362
11363
11368
11369
11372
11374
11377
11377
11384
11385
11386
11396
11402
11402
11404
11405
11410
11411
11413
11414
11417
11418
11421
11423
11425
11426
11429
11429
11438
11441
11447
11452
11455
11459
11459
11459
11459
11462
11465
11466
11470
11472
11473
11474
11476
11481
11489
11493
11494
11496
11498
11498
11501
11513
11514
11518
11520
11523
11524
11529
11530
11531
11537
11544
11546
11547
11548
11555
11555
11556
11559
11561
11568
11571
11574
11578
11580
11581
11586
11588
11589
11591
11592
11593
11597
11598
11602
11604
11608
11619
11622
11626
11638
11643
11653
11654
11654
11655
11655
11660
11661
11664
11665
11666
11670
11678
11679
11681
11683
11696
11704
11704
11705
11708
11709
11711
11712
11721
11721
11725
11729
11732
11738
11744
11745
11751
11752
11753
11759
11762
11762
11770
11771
11777
11780
11781
11782
11787
11791
11793
11797
11800
11801
11803
11804
11806
11806
11808
11808
11808
11825
11826
11826
11827
11827
11827
11829
11833
11835
11835
11842
11843
11846
11854
11865
11866
11868
11869
11869
11871
11872
11876
11877
11878
11886
11889
11894
11895
11898
11901
11903
11903
11903
11906
11907
11908
11912
11913
11914
11916
11929
11930
11938
11938
11941
11945
11945
11946
11947
11947
11947
11951
11952
11953
11953
11955
11956
11958
11960
11960
11962
11967
11976
11977
11978
11978
11981
11983
11987
11995
11995
11999
12003
12003
12004
12006
12009
12011
12012
12013
12013
12014
12022
12023
12025
12025
12029
12030
12035
12035
12036
12037
12039
12042
12045
12055
12057
12060
12064
12065
12066
12072
12075
12075
12075
12077
12080
12083
12083
12087
12091
12102
12104
12106
12114
12118
12118
12122
12123
12125
12126
12127
12142
12150
12153
12153
12159
12160
12161
12165
12168
12172
12176
12178
12179
12183
12186
12186
12186
12188
12188
12199
12203
12204
12220
12221
12224
12228
12243
12258
12259
12270
12271
12271
12272
12273
12279
12285
12295
12296
12299
12305
12305
12306
12312
12312
12316
12319
12320
12322
12322
12325
12330
12334
12335
12346
12353
12361
12362
12363
12367
12377
12377
12379
12383
12385
12385
12385
12385
12386
12387
12389
12392
12397
12397
12401
12402
12406
12409
12412
12416
12416
12418
12423
12433
12449
12456
12469
12470
12473
12475
12478
12480
12481
12483
12483
12484
12487
12504
12505
12511
12518
12519
12521
12522
12524
12527
12529
12529
12531
12531
12531
12532
12536
12537
12539
12545
12545
12547
12547
12548
12548
12550
12563
12566
12571
12572
12582
12583
12588
12589
12596
12602
12607
12608
12608
12609
12610
12613
12615
12615
12619
12620
12625
12626
12635
12636
12637
12637
12642
12644
12647
12651
12654
12661
12662
12665
12673
12674
12675
12678
12684
12688
12688
12689
12690
12695
12697
12700
12706
12710
12710
12710
12711
12714
12715
12718
12723
12723
12726
12728
12728
12728
12732
12735
12737
12741
12743
12747
12747
12749
12750
12759
12760
12764
12764
12765
12767
12771
12772
12773
12776
12780
12782
12789
12790
12796
12796
12797
12803
12806
12807
12810
12813
12814
12816
12821
12833
12833
12838
12842
12850
12851
12858
12862
12864
12864
12868
12870
12873
12875
12876
12877
12879
12889
12894
12896
12896
12910
12915
12916
12920
12927
12933
12939
12943
12950
12952
12957
12957
12962
12966
12969
12969
12969
12970
12970
12971
12975
12977
12979
12979
12981
12981
12987
12988
13005
13011
13011
13012
13012
13015
13015
13019
13020
13028
13030
13043
13045
13047
13050
13057
13059
13061
13065
13066
13068
13068
13072
13074
13075
13076
13077
13081
13086
13090
13092
13094
13097
13097
13098
13099
13100
13103
13107
13108
13116
13117
13119
13121
13122
13123
13125
13133
13134
13139
13142
13143
13144
13149
13150
13152
13156
13157
13159
13162
13162
13164
13165
13166
13166
13172
13180
13182
13189
13200
13201
13202
13202
13204
13212
13215
13225
13229
13229
13230
13236
13240
13243
13250
13253
13254
13255
13259
13263
13274
13276
13278
13281
13282
13287
13288
13290
13290
13291
13292
13293
13293
13297
13297
13304
13305
13306
13312
13313
13314
13318
13320
13331
13333
13343
13343
13351
13354
13358
13364
13364
13368
13370
13374
13374
13375
13376
13377
13378
13382
13394
13394
13403
13407
13413
13413
13414
13421
13422
13425
13427
13433
13435
13436
13437
13439
13441
13442
13463
13473
13475
13477
13480
13485
13486
13486
13500
13500
13505
13506
13513
13519
13524
13535
13535
13537
13545
13550
13552
13556
13561
13564
13567
13567
13568
13568
13569
13570
13573
13574
13584
13586
13592
13593
13593
13602
13604
13609
13609
13609
13610
13613
13613
13621
13622
13636
13638
13640
13645
13645
13649
13650
13656
13657
13665
13667
13670
13676
13682
13682
13693
13695
13695
13697
13697
13698
13700
13704
13706
13710
13712
13714
13714
13718
13718
13729
13729
13734
13738
13743
13744
13760
13760
13762
13762
13762
13766
13767
13775
13777
13785
13792
13797
13805
13805
13806
13807
13807
13815
13822
13824
13827
13828
13831
13834
13835
13844
13845
13849
13850
13853
13854
13858
13862
13863
13864
13871
13875
13878
13885
13887
13890
13891
13893
13893
13900
13901
13902
13903
13903
13913
13913
13914
13918
13922
13923
13924
13930
13930
13937
13940
13950
13954
13962
13972
13972
13976
13977
13978
13980
13980
13985
13987
13989
13992
13996
13999
13999
14001
14006
14010
14011
14026
14044
14047
14054
14057
14069
14069
14077
14080
14081
14081
14083
14087
14090
14093
14094
14096
14098
14100
14105
14106
14109
14112
14112
14114
14115
14119
14121
14123
14125
14128
14130
14132
14134
14138
14139
14140
14146
14148
14149
14153
14158
14165
14174
14184
14184
14189
14193
14194
14201
14202
14211
14218
14220
14221
14221
14222
14231
14233
14236
14238
14240
14245
14245
14247
14247
14250
14255
14256
14262
14265
14277
14280
14284
14286
14288
14293
14295
14302
14307
14309
14313
14314
14319
14323
14324
14325
14326
14326
14334
14337
14337
14339
14340
14344
14349
14350
14362
14364
14371
14374
14386
14399
14402
14425
14426
14427
14429
14431
14432
14432
14435
14436
14439
14451
14457
14461
14464
14464
14467
14468
14468
14471
14478
14482
14482
14483
14484
14485
14486
14486
14489
14492
14494
14497
14500
14507
14511
14516
14519
14519
14520
14522
14525
14533
14536
14541
14546
14547
14548
14550
14550
14555
14558
14562
14562
14565
14567
14569
14570
14573
14577
14582
14586
14587
14588
14594
14595
14595
14596
14600
14601
14604
14604
14605
14605
14606
14607
14610
14612
14613
14617
14617
14631
14634
14635
14636
14639
14640
14643
14643
14644
14647
14648
14648
14649
14652
14663
14664
14664
14664
14669
14671
14673
14674
14675
14678
14679
14679
14683
14684
14686
14687
14690
14694
14695
14695
14695
14703
14707
14714
14714
14715
14716
14717
14717
14718
14720
14720
14723
14726
14729
14729
14732
14736
14741
14746
14752
14757
14763
14766
14767
14769
14771
14776
14782
14782
14782
14784
14785
14787
14787
14788
14792
14801
14802
14802
14803
14804
14808
14808
14820
14825
14825
14828
14828
14832
14835
14835
14840
14841
14841
14844
14845
14851
14852
14855
14856
14861
14864
14864
14867
14873
14874
14875
14877
14881
14887
14887
14888
14889
14894
14895
14895
14896
14896
14900
14902
14904
14904
14916
14922
14923
14949
14951
14953
14954
14959
14959
14960
14965
14973
14978
14979
14981
14984
14989
14991
14993
14996
15004
15004
15008
15010
15013
15017
15023
15032
15034
15035
15040
15042
15064
15068
15072
15073
15075
15075
15078
15078
15083
15088
15092
15093
15102
15107
15107
15109
15115
15116
15123
15128
15136
15139
15141
15141
15142
15142
15142
15142
15143
15144
15145
15147
15156
15156
15160
15161
15162
15165
15166
15169
15171
15178
15185
15187
15189
15193
15195
15204
15226
15227
15232
15234
15235
15239
15240
15242
15245
15250
15250
15255
15258
15261
15262
15271
15272
15280
15289
15292
15300
15305
15305
15306
15319
15319
15321
15333
15338
15339
15339
15340
15344
15353
15353
15355
15356
15363
15367
15367
15369
15374
15375
15378
15381
15388
15389
15409
15410
15423
15425
15426
15428
15429
15429
15433
15434
15435
15436
15441
15449
15455
15458
15459
15462
15463
15465
15468
15472
15476
15477
15479
15482
15483
15484
15485
15489
15492
15516
15519
15520
15523
15538
15544
15546
15546
15548
15548
15549
15551
15556
15559
15561
15568
15572
15588
15590
15595
15605
15610
15619
15622
15622
15628
15630
15633
15635
15635
15635
15636
15637
15639
15639
15641
15641
15644
15645
15646
15653
15658
15676
15676
15677
15679
15680
15681
15684
15684
15684
15685
15686
15690
15693
15695
15704
15717
15722
15729
15738
15740
15746
15747
15750
15751
15756
15764
15766
15768
15768
15769
15772
15774
15777
15785
15787
15790
15796
15796
15802
15804
15809
15811
15815
15816
15818
15818
15825
15829
15832
15834
15835
15838
15839
15840
15849
15853
15855
15875
15875
15883
15887
15887
15899
15899
15904
15916
15916
15923
15926
15933
15936
15943
15947
15953
15956
15957
15957
15960
15963
15974
15975
15984
15984
15986
15991
15991
15996
15997
15999
16002
16003
16005
16008
16009
16011
16012
16018
16025
16029
16043
16046
16051
16053
16053
16057
16061
16061
16065
16068
16069
16081
16082
16083
16085
16086
16092
16092
16094
16095
16102
16110
16114
16122
16129
16130
16140
16143
16145
16146
16149
16150
16151
16154
16156
16159
16171
16171
16173
16186
16190
16193
16205
16219
16219
16225
16225
16227
16238
16243
16245
16248
16252
16253
16254
16257
16257
16260
16261
16262
16263
16266
16284
16285
16285
16285
16289
16291
16291
16291
16292
16293
16298
16299
16301
16302
16318
16321
16321
16321
16325
16326
16330
16331
16337
16353
16358
16365
16367
16368
16370
16372
16373
16376
16384
16385
16391
16392
16400
16401
16401
16401
16408
16410
16414
16415
16420
16420
16423
16424
16429
16438
16438
16440
16446
16449
16451
16457
16467
16486
16496
16498
16503
16504
16507
16509
16516
16523
16526
16537
16548
16550
16551
16557
16558
16558
16565
16570
16573
16588
16588
16590
16590
16591
16594
16595
16595
16599
16602
16607
16609
16610
16611
16615
16617
16617
16619
16620
16623
16630
16642
16650
16653
16654
16654
16655
16658
16662
16673
16675
16675
16680
16681
16681
16681
16682
16684
16686
16688
16696
16701
16705
16708
16710
16714
16715
16719
16720
16721
16721
16726
16727
16728
16729
16733
16734
16738
16739
16742
16742
16746
16746
16747
16749
16757
16764
16766
16767
16779
16783
16783
16784
16785
16791
16793
16794
16800
16802
16807
16810
16816
16819
16823
16824
16824
16829
16829
16832
16840
16843
16845
16847
16850
16852
16856
16856
16857
16859
16859
16860
16860
16865
16865
16875
16884
16886
16886
16887
16894
16900
16903
16904
16904
16909
16912
16914
16916
16918
16920
16924
16924
16931
16934
16935
16936
16939
16946
16953
16955
16958
16959
16962
16966
16968
16986
16987
16989
16990
16993
16995
16997
16999
17001
17002
17004
17004
17014
17014
17016
17018
17021
17029
17047
17048
17065
17074
17077
17078
17082
17082
17082
17082
17086
17087
17089
17089
17089
17100
17101
17104
17105
17105
17106
17110
17111
17119
17119
17120
17121
17125
17128
17136
17136
17143
17144
17145
17148
17159
17160
17160
17166
17168
17168
17171
17174
17174
17174
17175
17178
17179
17181
17181
17186
17192
17194
17196
17197
17198
17201
17201
17214
17218
17219
17221
17223
17224
17229
17229
17230
17233
17234
17239
17244
17244
17245
17246
17248
17250
17254
17255
17255
17257
17257
17260
17272
17279
17284
17285
17285
17286
17286
17298
17300
17303
17307
17307
17309
17311
17316
17320
17322
17326
17328
17339
17339
17340
17343
17346
17347
17347
17351
17358
17364
17364
17368
17368
17373
17376
17379
17384
17390
17395
17398
17398
17401
17406
17407
17412
17414
17422
17425
17427
17451
17451
17453
17456
17457
17460
17466
17466
17469
17470
17473
17476
17486
17490
17491
17494
17494
17501
17506
17512
17513
17513
17518
17519
17522
17525
17527
17536
17544
17546
17547
17549
17550
17554
17573
17578
17579
17579
17581
17582
17582
17583
17588
17588
17589
17592
17593
17594
17596
17596
17611
17612
17615
17619
17621
17624
17626
17627
17628
17628
17630
17634
17637
17650
17661
17662
17667
17673
17675
17676
17677
17679
17679
17679
17693
17694
17696
17696
17697
17707
17709
17710
17711
17713
17720
17722
17725
17728
17735
17737
17744
17744
17747
17749
17753
17760
17763
17770
17772
17773
17777
17786
17786
17788
17790
17793
17796
17797
17797
17801
17804
17806
17808
17815
17816
17821
17821
17828
17829
17831
17838
17841
17841
17842
17852
17852
17859
17862
17862
17868
17874
17874
17878
17879
17881
17882
17887
17891
17891
17892
17896
17897
17901
17907
17908
17909
17919
17922
17924
17937
17937
17944
17946
17952
17957
17965
17969
17971
17980
17982
17999
18016
18017
18018
18024
18026
18027
18027
18028
18032
18033
18035
18035
18036
18039
18042
18044
18047
18051
18052
18054
18054
18055
18055
18055
18058
18060
18063
18066
18066
18068
18070
18073
18075
18076
18077
18078
18078
18079
18083
18085
18087
18089
18089
18092
18093
18097
18101
18103
18107
18115
18119
18120
18124
18125
18126
18129
18129
18132
18132
18135
18138
18144
18148
18152
18155
18163
18164
18164
18164
18166
18167
18171
18175
18176
18178
18179
18179
18182
18185
18186
18186
18189
18191
18191
18191
18192
18196
18205
18211
18216
18228
18230
18234
18238
18242
18244
18249
18250
18259
18264
18266
18272
18274
18280
18288
18288
18298
18299
18300
18306
18308
18311
18312
18313
18313
18321
18322
18322
18333
18334
18339
18341
18343
18345
18348
18349
18351
18351
18357
18359
18360
18360
18364
18380
18384
18387
18388
18390
18391
18396
18402
18405
18418
18420
18422
18423
18424
18433
18439
18440
18449
18453
18458
18459
18459
18461
18461
18465
18469
18474
18474
18478
18479
18481
18481
18485
18495
18496
18503
18507
18510
18511
18514
18521
18522
18522
18525
18526
18531
18531
18535
18539
18539
18540
18550
18551
18553
18560
18561
18565
18567
18568
18576
18576
18581
18587
18592
18596
18598
18602
18603
18604
18609
18611
18615
18629
18630
18632
18633
18634
18635
18642
18645
18645
18648
18648
18650
18656
18657
18662
18671
18671
18676
18677
18677
18685
18686
18697
18698
18700
18704
18704
18708
18711
18712
18719
18721
18727
18731
18734
18735
18756
18771
18774
18778
18780
18784
18787
18791
18794
18795
18797
18797
18799
18805
18814
18820
18822
18823
18828
18829
18830
18835
18843
18848
18850
18853
18853
18856
18858
18860
18860
18865
18869
18874
18876
18879
18881
18882
18884
18889
18892
18900
18906
18912
18917
18918
18919
18920
18921
18921
18922
18925
18932
18932
18935
18936
18937
18938
18939
18942
18948
18949
18951
18951
18951
18956
18957
18957
18960
18963
18965
18969
18970
18972
18974
18975
18979
18981
18995
19001
19005
19019
19022
19024
19038
19040
19041
19045
19048
19048
19055
19057
19061
19064
19064
19066
19068
19070
19071
19073
19073
19074
19079
19082
19083
19085
19085
19087
19089
19091
19101
19101
19108
19110
19116
19119
19120
19120
19126
19127
19131
19131
19132
19138
19141
19142
19143
19146
19147
19151
19151
19155
19156
19158
19162
19164
19165
19166
19167
19168
19169
19175
19181
19185
19185
19189
19192
19195
19195
19196
19197
19205
19212
19220
19223
19231
19233
19234
19236
19241
19241
19245
19247
19249
19250
19250
19254
19255
19260
19260
19262
19264
19264
19271
19278
19285
19289
19296
19296
19298
19298
19300
19300
19304
19308
19316
19322
19322
19329
19337
19345
19355
19355
19358
19366
19369
19369
19373
19378
19381
19383
19386
19391
19391
19395
19400
19405
19406
19407
19409
19412
19417
19419
19419
19420
19420
19421
19428
19439
19446
19465
19471
19471
19472
19473
19474
19486
19489
19492
19494
19495
19503
19504
19509
19509
19513
19516
19516
19519
19519
19531
19539
19543
19545
19547
19547
19548
19551
19554
19555
19557
19561
19562
19563
19564
19565
19567
19569
19571
19576
19580
19583
19583
19584
19584
19585
19594
19595
19597
19603
19606
19608
19615
19616
19617
19619
19620
19627
19630
19631
19634
19635
19636
19646
19649
19650
19651
19652
19653
19654
19655
19666
19668
19668
19669
19670
19686
19687
19687
19689
19689
19692
19706
19715
19720
19721
19725
19731
19732
19733
19734
19735
19738
19738
19743
19743
19748
19749
19753
19759
19760
19763
19775
19776
19780
19802
19802
19802
19806
19806
19809
19812
19818
19819
19820
19820
19839
19843
19847
19854
19861
19862
19863
19864
19865
19866
19868
19875
19875
19879
19881
19881
19882
19882
19886
19895
19898
19904
19910
19917
19918
19918
19927
19936
19936
19947
19948
19949
19950
19955
19957
19967
19972
19977
19982
19990
19995
20001
20003
20004
20013
20013
20015
20016
20016
20021
20027
20027
20029
20031
20033
20036
20039
20040
20046
20046
20055
20056
20057
20061
20062
20064
20071
20072
20073
20074
20077
20078
20078
20078
20081
20083
20086
20091
20096
20105
20106
20106
20106
20112
20112
20116
20119
20125
20126
20126
20132
20136
20143
20145
20146
20147
20147
20149
20154
20157
20171
20175
20176
20176
20176
20179
20182
20190
20190
20195
20197
20199
20205
20212
20220
20221
20223
20227
20227
20229
20230
20232
20234
20238
20243
20244
20246
20255
20256
20265
20275
20277
20283
20283
20285
20286
20290
20295
20297
20298
20302
20304
20307
20309
20322
20323
20323
20324
20326
20327
20331
20334
20341
20345
20347
20349
20354
20359
20374
20375
20383
20387
20390
20391
20391
20398
20398
20405
20408
20411
20415
20419
20434
20436
20438
20439
20447
20453
20455
20455
20460
20460
20463
20463
20464
20464
20465
20469
20473
20492
20495
20499
20508
20512
20514
20517
20523
20524
20532
20534
20534
20534
20541
20542
20542
20542
20547
20557
20561
20565
20566
20570
20570
20593
20595
20600
20606
20611
20613
20614
20624
20637
20638
20638
20647
20649
20650
20650
20652
20652
20654
20657
20661
20662
20662
20663
20666
20668
20668
20669
20672
20673
20678
20684
20686
20687
20692
20693
20699
20701
20706
20706
20708
20709
20714
20720
20722
20722
20727
20734
20738
20739
20745
20747
20754
20756
20776
20778
20780
20781
20783
20787
20790
20791
20794
20798
20799
20806
20812
20812
20814
20821
20827
20832
20832
20836
20837
20838
20839
20841
20843
20850
20860
20862
20866
20867
20869
20869
20880
20884
20884
20889
20890
20893
20900
20900
20902
20903
20903
20903
20906
20918
20918
20924
20930
20937
20940
20944
20945
20946
20952
20954
20956
20958
20965
20979
20983
20986
20987
20988
20992
20992
20993
20997
20999
21002
21017
21020
21024
21024
21025
21025
21026
21030
21037
21041
21043
21043
21047
21047
21055
21056
21058
21069
21071
21074
21081
21087
21089
21096
21097
21099
21099
21102
21103
21107
21110
21114
21114
21119
21125
21131
21136
21138
21141
21144
21146
21152
21158
21159
21160
21160
21167
21171
21171
21172
21173
21181
21184
21185
21186
21187
21188
21191
21193
21196
21204
21214
21217
21222
21222
21225
21228
21229
21232
21234
21235
21236
21236
21243
21243
21251
21253
21255
21256
21260
21263
21268
21269
21279
21279
21280
21280
21280
21282
21283
21283
21287
21288
21289
21298
21301
21307
21320
21326
21328
21330
21334
21337
21338
21342
21348
21352
21352
21357
21358
21361
21361
21364
21367
21368
21369
21370
21370
21377
21378
21379
21379
21380
21381
21391
21391
21393
21397
21401
21403
21404
21408
21411
21412
21414
21422
21426
21430
21437
21438
21441
21442
21446
21446
21453
21454
21454
21459
21463
21464
21488
21498
21501
21505
21508
21515
21518
21522
21523
21528
21529
21532
21536
21538
21540
21560
21565
21566
21569
21571
21577
21578
21582
21585
21586
21588
21593
21598
21598
21602
21603
21604
21605
21607
21608
21611
21612
21614
21617
21626
21633
21634
21635
21639
21644
21645
21647
21648
21651
21652
21656
21658
21664
21668
21669
21670
21673
21674
21679
21681
21681
21686
21687
21694
21694
21695
21695
21696
21696
21699
21699
21700
21705
21710
21712
21722
21723
21727
21728
21731
21739
21740
21742
21743
21743
21748
21749
21751
21751
21752
21753
21756
21756
21759
21761
21772
21775
21776
21791
21791
21808
21811
21812
21820
21820
21821
21822
21825
21833
21837
21839
21845
21847
21847
21849
21855
21866
21868
21869
21874
21874
21877
21878
21880
21882
21883
21887
21889
21891
21892
21894
21899
21908
21915
21918
21924
21931
21932
21932
21940
21940
21944
21951
21957
21959
21961
21962
21966
21966
21967
21969
21977
21978
21984
21988
21998
21999
22003
22003
22016
22017
22020
22025
22034
22036
22038
22045
22048
22051
22054
22056
22057
22057
22060
22064
22067
22068
22076
22077
22099
22106
22108
22113
22121
22125
22126
22132
22134
22135
22138
22139
22140
22143
22143
22144
22145
22146
22150
22150
22154
22156
22157
22157
22165
22172
22175
22175
22175
22177
22179
22183
22186
22188
22189
22192
22198
22199
22204
22213
22217
22225
22226
22229
22230
22231
22240
22250
22250
22266
22270
22273
22273
22275
22276
22281
22281
22295
22295
22295
22300
22301
22301
22304
22305
22307
22308
22311
22312
22312
22314
22315
22318
22325
22328
22331
22336
22342
22343
22348
22349
22352
22353
22360
22364
22365
22370
22379
22382
22397
22402
22404
22413
22415
22417
22417
22418
22425
22427
22430
22432
22432
22439
22456
22457
22462
22463
22466
22468
22469
22474
22474
22475
22477
22477
22477
22481
22482
22482
22494
22494
22496
22500
22501
22504
22515
22518
22519
22523
22524
22526
22527
22532
22535
22536
22536
22538
22542
22543
22545
22549
22551
22554
22555
22558
22567
22569
22571
22574
22576
22576
22582
22583
22584
22588
22589
22590
22591
22594
22596
22597
22605
22608
22612
22620
22621
22621
22622
22628
22629
22629
22630
22632
22634
22636
22638
22643
22644
22645
22645
22647
22649
22649
22651
22652
22661
22661
22664
22665
22684
22693
22699
22701
22708
22709
22713
22717
22720
22721
22722
22725
22726
22727
22727
22729
22735
22737
22740
22742
22746
22747
22747
22750
22757
22768
22769
22776
22779
22786
22787
22789
22792
22797
22800
22801
22804
22805
22810
22819
22820
22821
22822
22829
22834
22835
22841
22842
22842
22843
22843
22846
22849
22854
22870
22877
22882
22889
22889
22892
22894
22897
22900
22901
22907
22915
22915
22916
22924
22929
22932
22934
22934
22935
22935
22937
22938
22938
22945
22947
22948
22950
22958
22959
22965
22966
22967
22972
22974
22977
22978
22978
22984
22986
22987
22992
22995
22998
23001
23007
23011
23012
23013
23013
23019
23019
23019
23020
23025
23026
23026
23029
23033
23033
23034
23036
23039
23044
23047
23048
23050
23051
23052
23059
23061
23063
23068
23074
23076
23077
23091
23091
23091
23094
23097
23099
23100
23100
23101
23107
23108
23108
23113
23119
23125
23126
23130
23135
23140
23145
23147
23147
23150
23152
23154
23156
23158
23159
23160
23162
23163
23164
23165
23168
23171
23176
23177
23178
23181
23182
23187
23188
23189
23191
23194
23204
23206
23208
23209
23209
23215
23218
23219
23219
23220
23223
23224
23225
23226
23226
23232
23239
23242
23245
23246
23247
23251
23255
23255
23259
23261
23263
23265
23267
23268
23269
23270
23275
23280
23282
23282
23285
23299
23308
23310
23312
23313
23314
23314
23315
23326
23332
23340
23341
23348
23350
23352
23353
23353
23356
23359
23369
23374
23375
23376
23377
23378
23381
23395
23409
23417
23424
23438
23447
23448
23453
23455
23458
23464
23465
23473
23482
23485
23488
23489
23493
23498
23509
23514
23518
23519
23520
23523
23525
23531
23533
23536
23538
23539
23540
23541
23543
23549
23551
23555
23567
23567
23571
23574
23581
23582
23585
23585
23594
23595
23599
23600
23600
23603
23608
23613
23618
23621
23635
23656
23663
23676
23693
23694
23696
23700
23707
23707
23716
23723
23723
23726
23727
23730
23734
23736
23737
23744
23764
23764
23768
23768
23775
23779
23791
23792
23796
23796
23797
23797
23797
23799
23801
23805
23806
23809
23815
23819
23827
23836
23842
23847
23847
23849
23850
23850
23854
23856
23858
23859
23867
23869
23873
23873
23873
23874
23880
23881
23884
23884
23890
23892
23897
23898
23901
23901
23906
23909
23915
23917
23920
23920
23921
23922
23924
23934
23935
23941
23942
23947
23948
23952
23953
23953
23956
23961
23965
23966
23973
23978
23980
23982
23983
23988
23989
23993
23998
24003
24007
24014
24017
24017
24019
24033
24035
24035
24046
24047
24054
24055
24055
24058
24060
24063
24065
24066
24066
24067
24068
24074
24083
24095
24095
24097
24097
24103
24106
24108
24115
24120
24122
24130
24135
24140
24144
24145
24146
24147
24147
24148
24150
24157
24159
24173
24178
24180
24180
24180
24182
24182
24196
24200
24201
24206
24208
24212
24213
24214
24219
24229
24230
24241
24245
24251
24251
24255
24263
24263
24263
24264
24265
24270
24274
24281
24284
24290
24290
24290
24294
24295
24298
24299
24302
24319
24321
24326
24330
24334
24337
24337
24339
24341
24342
24347
24347
24349
24350
24351
24353
24355
24357
24357
24358
24359
24363
24365
24366
24380
24381
24382
24384
24385
24392
24393
24394
24395
24395
24398
24401
24405
24406
24411
24412
24413
24414
24416
24418
24434
24434
24438
24439
24445
24447
24450
24451
24452
24452
24455
24455
24458
24467
24472
24473
24474
24480
24482
24483
24484
24485
24496
24504
24511
24515
24523
24526
24527
24530
24532
24532
24533
24533
24541
24545
24548
24551
24553
24553
24556
24566
24567
24568
24578
24580
24581
24585
24588
24588
24588
24591
24591
24592
24594
24597
24603
24606
24606
24607
24609
24613
24614
24614
24623
24631
24633
24635
24637
24647
24649
24654
24662
24663
24669
24670
24670
24671
24671
24671
24673
24676
24681
24681
24685
24687
24688
24691
24691
24693
24694
24697
24699
24702
24703
24709
24711
24711
24719
24719
24725
24727
24728
24731
24732
24732
24734
24735
24742
24743
24756
24756
24758
24767
24772
24777
24786
24795
24796
24796
24798
24798
24800
24800
24805
24810
24814
24821
24825
24829
24831
24839
24839
24847
24856
24858
24859
24860
24863
24867
24867
24869
24871
24873
24875
24881
24883
24883
24886
24886
24888
24889
24892
24893
24896
24900
24901
24901
24907
24907
24910
24913
24914
24917
24917
24923
24924
24937
24937
24937
24940
24943
24945
24948
24952
24952
24954
24964
24968
24969
24974
24974
24976
24978
24983
24990
24992
24995
24995
25002
25004
25004
25005
25009
25013
25015
25021
25025
25033
25039
25042
25047
25048
25050
25053
25053
25053
25055
25055
25058
25062
25064
25064
25065
25071
25075
25083
25090
25095
25095
25097
25099
25107
25109
25111
25115
25118
25133
25135
25136
25140
25141
25143
25149
25150
25154
25156
25157
25159
25162
25169
25175
25178
25182
25183
25183
25189
25189
25194
25199
25201
25205
25210
25213
25214
25215
25220
25220
25222
25224
25232
25234
25236
25238
25240
25247
25248
25259
25263
25266
25275
25276
25280
25281
25284
25285
25287
25294
25300
25303
25305
25307
25312
25314
25315
25318
25322
25322
25329
25330
25334
25338
25340
25343
25347
25350
25355
25374
25374
25378
25381
25392
25398
25399
25399
25400
25401
25401
25411
25411
25430
25435
25436
25437
25439
25440
25441
25446
25449
25449
25455
25457
25459
25464
25465
25466
25480
25482
25485
25485
25486
25487
25488
25489
25491
25499
25499
25506
25507
25507
25509
25516
25522
25525
25535
25535
25537
25540
25540
25543
25547
25553
25575
25580
25581
25588
25594
25597
25601
25602
25607
25609
25612
25619
25630
25637
25640
25640
25640
25642
25643
25649
25650
25652
25659
25665
25672
25685
25690
25694
25694
25697
25698
25704
25704
25711
25713
25718
25721
25723
25725
25729
25730
25732
25736
25741
25744
25745
25746
25747
25748
25751
25752
25756
25760
25763
25767
25773
25774
25777
25778
25779
25782
25785
25785
25797
25797
25801
25805
25810
25818
25828
25829
25831
25834
25838
25842
25844
25848
25858
25864
25864
25865
25866
25873
25876
25880
25883
25883
25886
25895
25898
25907
25907
25912
25913
25914
25914
25921
25921
25928
25931
25946
25946
25947
25949
25954
25954
25954
25956
25958
25958
25959
25961
25975
25976
25993
25994
26004
26008
26009
26012
26013
26027
26030
26031
26033
26038
26039
26040
26044
26045
26045
26046
26050
26056
26063
26064
26064
26068
26069
26076
26083
26085
26085
26088
26089
26090
26094
26099
26105
26114
26128
26133
26133
26134
26134
26134
26136
26139
26140
26143
26147
26148
26153
26154
26159
26161
26168
26173
26176
26181
26184
26185
26186
26187
26188
26188
26192
26192
26196
26196
26196
26200
26200
26203
26206
26208
26210
26212
26214
26214
26216
26232
26239
26240
26241
26244
26244
26244
26247
26249
26253
26255
26259
26261
26262
26264
26268
26279
26280
26282
26283
26292
26294
26295
26296
26297
26297
26304
26304
26307
26309
26314
26315
26320
26324
26326
26329
26330
26331
26332
26333
26333
26336
26341
26342
26343
26345
26348
26352
26356
26358
26358
26359
26365
26366
26367
26374
26380
26382
26383
26390
26396
26400
26401
26405
26405
26409
26412
26413
26421
26421
26422
26422
26424
26431
26436
26437
26442
26443
26445
26448
26449
26451
26453
26454
26457
26461
26462
26467
26467
26475
26483
26486
26492
26494
26495
26496
26500
26502
26504
26506
26509
26515
26516
26521
26531
26536
26536
26542
26546
26546
26548
26552
26552
26553
26554
26571
26573
26581
26581
26588
26590
26593
26598
26600
26601
26602
26603
26605
26606
26612
26613
26613
26615
26619
26620
26623
26628
26628
26629
26638
26641
26644
26644
26646
26649
26655
26656
26657
26657
26659
26661
26667
26669
26669
26681
26685
26690
26692
26699
26700
26701
26704
26709
26712
26715
26718
26723
26728
26743
26743
26747
26747
26748
26748
26752
26774
26781
26785
26785
26787
26790
26801
26805
26807
26810
26812
26812
26814
26820
26825
26827
26828
26836
26840
26840
26846
26848
26853
26856
26862
26863
26864
26864
26867
26869
26873
26881
26883
26884
26885
26886
26886
26887
26891
26893
26896
26898
26905
26905
26906
26908
26910
26911
26913
26920
26923
26930
26933
26934
26937
26955
26958
26960
26962
26972
26981
26982
26985
26987
26989
26990
26991
26992
26995
27001
27009
27010
27012
27014
27016
27020
27021
27021
27022
27023
27023
27027
27029
27030
27031
27036
27039
27040
27041
27044
27044
27046
27046
27047
27048
27050
27057
27059
27069
27069
27070
27076
27076
27080
27081
27087
27091
27095
27095
27097
27097
27101
27103
27105
27108
27108
27110
27113
27118
27118
27119
27122
27130
27135
27139
27142
27147
27151
27153
27159
27167
27181
27183
27185
27192
27200
27212
27212
27212
27213
27214
27217
27221
27223
27224
27226
27227
27230
27230
27233
27235
27235
27239
27240
27244
27244
27248
27248
27256
27259
27260
27266
27268
27268
27269
27276
27282
27284
27286
27289
27292
27299
27303
27304
27305
27305
27311
27313
27318
27319
27320
27324
27324
27333
27334
27340
27345
27346
27346
27352
27352
27353
27363
27366
27367
27369
27370
27374
27375
27377
27380
27383
27391
27391
27395
27402
27403
27409
27412
27422
27430
27432
27432
27434
27438
27442
27446
27448
27449
27450
27455
27455
27456
27460
27464
27465
27466
27468
27469
27469
27474
27478
27479
27491
27492
27505
27509
27513
27514
27516
27518
27519
27523
27524
27539
27543
27548
27553
27556
27568
27572
27575
27583
27584
27585
27588
27589
27589
27592
27596
27600
27601
27603
27609
27609
27609
27610
27620
27627
27633
27633
27634
27635
27635
27636
27636
27638
27642
27648
27649
27653
27654
27656
27661
27662
27663
27672
27672
27674
27679
27681
27681
27681
27689
27691
27701
27701
27703
27705
27708
27717
27721
27721
27724
27727
27728
27729
27734
27736
27738
27739
27748
27750
27751
27754
27758
27759
27760
27762
27762
27762
27762
27765
27767
27767
27770
27773
27774
27775
27776
27778
27780
27783
27785
27787
27794
27794
27799
27807
27808
27813
27815
27816
27821
27826
27834
27837
27840
27847
27851
27852
27854
27864
27866
27866
27869
27878
27878
27880
27882
27889
27889
27892
27896
27898
27911
27937
27937
27945
27949
27957
27958
27960
27961
27961
27965
27967
27973
27976
27977
27979
27980
27981
27984
27990
27995
27996
27996
27999
27999
28000
28013
28014
28014
28017
28022
28036
28037
28037
28037
28038
28041
28041
28043
28045
28047
28049
28050
28054
28057
28058
28062
28062
28066
28068
28069
28069
28070
28072
28073
28074
28078
28080
28081
28082
28085
28086
28094
28097
28098
28098
28106
28109
28112
28119
28120
28122
28124
28128
28130
28133
28133
28136
28140
28141
28143
28146
28148
28149
28149
28150
28151
28162
28162
28162
28164
28165
28167
28169
28171
28171
28172
28172
28177
28180
28194
28194
28201
28203
28207
28211
28211
28212
28212
28212
28217
28217
28222
28238
28241
28243
28244
28244
28244
28256
28259
28263
28263
28270
28272
28273
28274
28274
28281
28281
28282
28285
28286
28287
28288
28288
28293
28295
28297
28299
28312
28314
28317
28321
28327
28338
28355
28364
28368
28372
28375
28385
28392
28395
28396
28405
28405
28412
28416
28417
28418
28420
28423
28429
28430
28431
28431
28432
28435
28438
28442
28450
28452
28455
28457
28458
28468
28470
28471
28471
28477
28478
28487
28491
28492
28504
28505
28511
28514
28515
28518
28519
28520
28522
28528
28530
28538
28542
28552
28556
28560
28570
28579
28582
28585
28586
28587
28595
28599
28604
28606
28607
28608
28610
28613
28622
28631
28632
28632
28635
28638
28640
28644
28645
28646
28646
28648
28654
28657
28659
28660
28661
28662
28663
28669
28670
28688
28692
28693
28697
28703
28711
28713
28717
28718
28724
28730
28733
28736
28740
28743
28746
28749
28754
28755
28757
28761
28763
28770
28775
28779
28785
28793
28793
28796
28796
28801
28807
28814
28818
28823
28823
28832
28834
28836
28838
28853
28853
28854
28855
28864
28867
28868
28879
28883
28887
28892
28894
28894
28899
28904
28904
28906
28913
28913
28913
28918
28920
28925
28929
28933
28933
28936
28936
28941
28941
28946
28947
28947
28948
28949
28951
28955
28957
28957
28963
28970
28972
28978
28979
28980
28980
28981
28991
29006
29007
29012
29013
29020
29029
29029
29034
29036
29038
29043
29045
29048
29052
29057
29059
29062
29066
29069
29076
29089
29094
29095
29096
29097
29099
29100
29104
29105
29106
29116
29117
29120
29121
29126
29126
29127
29134
29137
29140
29140
29143
29148
29151
29155
29158
29165
29171
29172
29173
29178
29179
29183
29185
29187
29187
29194
29194
29194
29198
29200
29207
29217
29218
29219
29221
29221
29227
29234
29237
29237
29238
29239
29240
29243
29249
29249
29252
29259
29266
29266
29271
29273
29276
29276
29277
29286
29289
29296
29297
29303
29306
29308
29312
29315
29319
29322
29327
29329
29330
29334
29337
29339
29349
29352
29355
29357
29363
29372
29372
29373
29374
29384
29389
29389
29398
29403
29415
29417
29420
29420
29424
29427
29430
29430
29431
29433
29434
29435
29437
29439
29440
29450
29458
29459
29465
29469
29469
29474
29474
29475
29476
29481
29481
29482
29483
29486
29486
29489
29499
29501
29503
29506
29508
29512
29525
29526
29526
29528
29528
29531
29535
29536
29536
29537
29541
29541
29549
29550
29552
29552
29554
29556
29560
29562
29563
29567
29570
29572
29585
29586
29587
29591
29594
29595
29595
29596
29600
29609
29610
29613
29615
29620
29623
29623
29627
29627
29629
29633
29635
29635
29640
29641
29644
29645
29646
29648
29651
29651
29654
29658
29658
29660
29661
29662
29667
29668
29678
29682
29685
29689
29690
29696
29699
29704
29717
29721
29722
29724
29726
29727
29731
29731
29733
29734
29742
29745
29748
29750
29750
29750
29755
29758
29765
29766
29779
29784
29785
29786
29793
29793
29799
29801
29813
29818
29819
29822
29825
29827
29829
29849
29850
29850
29851
29854
29858
29865
29875
29875
29875
29878
29885
29887
29893
29895
29897
29902
29903
29904
29905
29910
29916
29919
29923
29925
29930
29937
29942
29945
29951
29952
29952
29953
29963
29965
29971
29977
29979
29980
29989
29995
30000
30000
30007
30009
30015
30016
30019
30023
30026
30026
30028
30028
30029
30029
30031
30032
30035
30036
30041
30046
30046
30055
30063
30065
30068
30073
30077
30078
30080
30080
30090
30094
30101
30106
30117
30119
30127
30140
30140
30149
30153
30154
30155
30161
30161
30163
30167
30168
30169
30170
30171
30174
30174
30180
30185
30185
30187
30190
30193
30193
30196
30197
30206
30206
30208
30210
30211
30212
30212
30216
30222
30222
30223
30224
30224
30226
30233
30234
30235
30237
30238
30240
30245
30246
30248
30255
30259
30263
30263
30264
30265
30269
30280
30283
30296
30303
30309
30312
30315
30315
30316
30329
30341
30341
30342
30352
30356
30357
30357
30358
30360
30360
30362
30363
30364
30369
30369
30370
30371
30378
30380
30387
30389
30393
30395
30398
30399
30404
30410
30411
30411
30415
30416
30421
30427
30427
30430
30433
30439
30450
30459
30465
30473
30473
30478
30478
30479
30483
30484
30488
30490
30492
30494
30495
30501
30511
30511
30518
30537
30538
30538
30541
30543
30545
30546
30550
30551
30579
30584
30584
30584
30592
30593
30597
30607
30610
30611
30615
30621
30640
30653
30655
30665
30665
30666
30666
30667
30673
30684
30684
30693
30695
30696
30699
30699
30699
30701
30702
30702
30710
30713
30715
30717
30735
30738
30740
30744
30744
30746
30748
30752
30757
30764
30764
30766
30771
30773
30779
30782
30794
30806
30809
30809
30810
30815
30819
30824
30826
30827
30829
30832
30834
30835
30837
30845
30848
30849
30851
30855
30857
30861
30861
30866
30869
30870
30875
30876
30877
30890
30890
30891
30892
30892
30892
30895
30895
30900
30906
30910
30913
30913
30915
30916
30917
30919
30919
30921
30923
30923
30928
30931
30937
30937
30942
30948
30949
30953
30957
30959
30965
30965
30966
30974
30978
30980
30985
30988
30992
30995
30998
30998
30998
31000
31005
31005
31007
31012
31015
31015
31031
31040
31044
31045
31053
31056
31062
31063
31065
31086
31106
31108
31113
31115
31116
31120
31126
31126
31128
31133
31136
31136
31138
31141
31146
31147
31150
31153
31157
31160
31161
31161
31170
31172
31173
31175
31177
31179
31181
31182
31193
31201
31204
31204
31208
31209
31212
31218
31223
31228
31230
31234
31234
31242
31245
31248
31252
31254
31255
31259
31264
31265
31267
31276
31277
31278
31282
31285
31288
31291
31295
31300
31302
31303
31303
31304
31307
31309
31311
31311
31314
31314
31317
31323
31325
31328
31337
31339
31350
31357
31361
31369
31369
31374
31375
31375
31377
31379
31382
31383
31386
31389
31390
31392
31393
31397
31399
31400
31401
31409
31413
31413
31418
31419
31421
31422
31422
31424
31427
31427
31427
31428
31432
31437
31438
31439
31439
31443
31444
31453
31454
31456
31459
31461
31463
31464
31466
31470
31474
31476
31477
31480
31482
31482
31485
31490
31494
31494
31499
31500
31501
31501
31506
31513
31518
31520
31525
31526
31526
31532
31534
31537
31540
31551
31551
31552
31553
31558
31564
31573
31573
31575
31575
31576
31580
31582
31583
31587
31589
31589
31589
31599
31609
31609
31614
31619
31621
31626
31629
31629
31633
31635
31635
31638
31641
31642
31645
31649
31652
31654
31655
31656
31674
31680
31681
31684
31684
31684
31690
31693
31699
31699
31704
31707
31716
31722
31723
31724
31724
31726
31745
31745
31746
31748
31749
31750
31752
31754
31755
31759
31767
31768
31769
31770
31771
31771
31776
31778
31780
31785
31785
31788
31791
31793
31796
31797
31798
31798
31802
31804
31805
31809
31812
31813
31818
31821
31822
31826
31828
31830
31832
31834
31837
31839
31840
31841
31841
31842
31847
31852
31857
31860
31862
31864
31864
31867
31871
31881
31882
31882
31886
31890
31892
31894
31901
31903
31906
31911
31914
31918
31919
31923
31926
31926
31931
31933
31934
31944
31947
31948
31950
31953
31956
31958
31963
31968
31974
31976
31976
31979
31980
31982
31984
31984
31996
31997
32002
32008
32011
32013
32014
32015
32019
32021
32022
32023
32030
32034
32035
32036
32043
32055
32057
32058
32062
32066
32068
32073
32076
32081
32083
32097
32103
32105
32107
32117
32123
32124
32125
32127
32128
32131
32136
32142
32145
32146
32150
32153
32154
32157
32160
32162
32163
32167
32167
32170
32175
32178
32180
32183
32186
32186
32188
32196
32198
32198
32201
32205
32207
32207
32208
32211
32213
32220
32224
32228
32231
32233
32235
32235
32237
32245
32246
32249
32249
32255
32256
32257
32258
32259
32260
32262
32263
32263
32272
32275
32282
32289
32290
32290
32291
32297
32300
32303
32309
32309
32316
32317
32325
32325
32326
32331
32331
32332
32335
32341
32347
32355
32356
32357
32358
32359
32368
32368
32369
32370
32379
32380
32387
32391
32399
32399
32400
32400
32403
32405
32406
32409
32409
32415
32415
32415
32415
32419
32423
32423
32426
32428
32434
32434
32445
32445
32449
32454
32455
32460
32477
32485
32486
32489
32489
32493
32498
32499
32500
32506
32514
32518
32518
32518
32519
32522
32527
32530
32532
32532
32532
32534
32540
32552
32553
32562
32563
32563
32564
32564
32566
32567
32577
32581
32581
32582
32589
32590
32592
32592
32596
32601
32601
32605
32610
32617
32618
32619
32628
32629
32634
32640
32654
32660
32662
32664
32664
32667
32673
32677
32685
32685
32696
32699
32700
32701
32704
32711
32712
32714
32715
32723
32723
32724
32733
32741
32743
32743
32758
32759
32760
32760
32763
32767
