14
22
63
65
72
143
170
182
206
208
218
265
330
357
369
387
403
414
435
440
440
497
570
613
620
694
823
828
906
924
964
1032
1083
1084
1124
1190
1211
1216
1216
1223
1225
1246
1252
1281
1282
1295
1302
1332
1343
1431
1456
1464
1477
1480
1602
1618
1632
1677
1698
1734
1741
1765
1902
1952
2005
2026
2087
2117
2123
2135
2141
2157
2166
2179
2246
2304
2307
2367
2368
2373
2409
2434
2448
2513
2522
2537
2560
2647
2690
2774
2807
2824
2826
2834
2839
2871
2876
2896
2897
2950
2956
2997
3003
3046
3050
3115
3234
3309
3327
3342
3406
3409
3440
3449
3460
3463
3480
3509
3540
3565
3599
3621
3630
3647
3661
3670
3692
3701
3720
3722
3754
3759
3828
3873
3905
3905
3985
4010
4032
4051
4101
4136
4161
4170
4212
4255
4257
4275
4367
4418
4454
4459
4551
4585
4637
4638
4826
4858
4868
4914
5007
5014
5068
5113
5134
5147
5157
5227
5242
5244
5355
5419
5421
5440
5455
5602
5624
5669
5678
5754
5830
5831
5841
5868
5934
5935
5960
5990
6025
6055
6120
6146
6178
6185
6202
6232
6265
6269
6318
6379
6392
6494
6503
6511
6540
6570
6599
6620
6649
6660
6769
6788
6835
6893
6896
6900
6922
6929
6962
7008
7026
7164
7170
7197
7198
7206
7226
7241
7252
7359
7368
7428
7434
7456
7473
7504
7515
7550
7560
7568
7577
7685
7709
7766
7790
7808
7812
7832
7853
7871
7892
7981
8079
8107
8111
8124
8162
8166
8169
8170
8268
8340
8396
8408
8458
8576
8642
8661
8734
8765
8766
8773
8797
8834
8839
8854
8940
9039
9078
9084
9118
9121
9173
9280
9281
9283
9321
9322
9429
9467
9497
9634
9649
9683
9689
9693
9716
9775
9784
9826
9837
9886
9895
9898
9916
9921
10072
10092
10124
10149
10169
10179
10188
10201
10205
10259
10307
10363
10385
10448
10451
10454
10542
10616
10657
10665
10759
10815
10829
10844
10866
10870
10887
10901
10906
10906
10921
10961
10967
10982
10993
11034
11064
11095
11104
11116
11165
11168
11193
11197
11253
11273
11356
11396
11405
11414
11423
11452
11498
11578
11588
11654
11709
11738
11744
11762
11787
11842
11854
11878
11886
11941
11945
11946
11952
11977
11995
11995
12025
12035
12039
12102
12114
12118
12126
12220
12221
12224
12322
12335
12362
12385
12386
12456
12532
12589
12619
12647
12674
12700
12710
12741
12782
12796
12806
12810
12877
13011
13121
13162
13166
13172
13263
13288
13293
13313
13333
13354
13370
13421
13500
13513
13524
13552
13567
13622
13645
13682
13697
13718
13777
13828
13887
13893
13924
13980
13996
13999
13999
14044
14047
14083
14100
14121
14132
14148
14153
14221
14240
14265
14280
14284
14349
14350
14482
14516
14519
14533
14546
14558
14569
14570
14577
14595
14600
14635
14636
14647
14686
14707
14714
14864
14894
14900
14902
14922
14953
15004
15013
15136
15147
15156
15235
15280
15410
15468
15479
15588
15639
15644
15681
15717
15747
15796
15840
15997
16005
16025
16061
16094
16095
16149
16156
16171
16219
16248
16257
16285
16302
16326
16331
16496
16551
16573
16619
16675
16684
16688
16696
16705
16757
16779
16832
16903
16909
16968
17078
17082
17125
17144
17174
17175
17186
17196
17239
17260
17285
17322
17390
17407
17412
17422
17453
17549
17582
17582
17588
17593
17611
17612
17637
17710
17821
17908
18036
18047
18085
18119
18132
18163
18164
18167
18175
18189
18274
18345
18351
18360
18391
18418
18424
18449
18453
18602
18615
18677
18708
18735
18791
18860
18884
18889
18892
18922
18925
18963
18972
18981
19087
19110
19116
19132
19147
19156
19300
19304
19308
19322
19366
19369
19391
19417
19561
19569
19584
19616
19619
19634
19650
19733
19780
19802
19862
19865
19875
19927
19936
20013
20040
20078
20143
20147
20227
20244
20255
20256
20298
20307
20323
20415
20464
20534
20565
20614
20624
20662
20722
20806
20889
20890
20997
21025
21047
21074
21289
21338
21369
21370
21505
21518
21536
21633
21644
21651
21694
21712
21731
21752
21820
21837
21847
21889
21924
21959
21966
21966
21969
22045
22068
22140
22156
22175
22175
22213
22229
22300
22311
22314
22315
22379
22413
22542
22567
22605
22644
22661
22740
22779
22801
22822
22829
22841
22849
22937
22978
22978
23001
23025
23036
23135
23156
23208
23209
23223
23226
23251
23269
23310
23359
23536
23543
23676
23723
23723
23779
23796
23797
23805
23809
23850
23856
23873
23982
24017
24055
24063
24066
24180
24214
24264
24284
24298
24337
24339
24359
24382
24585
24614
24662
24663
24669
24703
24756
24777
24798
24860
24875
24948
25097
25111
25143
25199
25220
25284
25305
25315
25398
25399
25430
25449
25466
25485
25547
25607
25640
25640
25725
25883
26009
26050
26063
26083
26105
26128
26134
26241
26280
26296
26304
26307
26315
26341
26356
26421
26552
26600
26613
26667
26743
26747
26774
26805
26814
26820
26825
26828
26886
26911
26934
27021
27030
27040
27046
27076
27095
27105
27226
27230
27230
27353
27375
27432
27491
27514
27548
27568
27588
27603
27609
27610
27635
27636
27638
27654
27681
27701
27748
27765
27767
27813
27826
27854
27958
27960
27961
27973
28014
28041
28041
28054
28078
28098
28122
28124
28133
28162
28171
28217
28263
28272
28273
28274
28288
28299
28317
28405
28430
28431
28538
28606
28608
28635
28640
28644
28688
28693
28730
28733
28814
28823
28855
28894
28904
28925
28955
29006
29038
29057
29097
29099
29134
29158
29234
29249
29327
29329
29339
29373
29389
29430
29458
29459
29469
29476
29481
29486
29486
29508
29526
29528
29535
29536
29550
29585
29613
29623
29644
29662
29726
29903
29925
29980
30023
30031
30101
30140
30140
30171
30210
30309
30315
30316
30356
30360
30415
30473
30538
30592
30611
30665
30684
30699
30735
30766
30848
30849
30855
30870
30942
30978
30998
31007
31015
31108
31113
31133
31181
31267
31277
31285
31311
31350
31377
31419
31466
31506
31534
31552
31674
31684
31699
31704
31722
31767
31769
31770
31778
31798
31804
31813
31828
31837
31852
31903
31911
31914
31934
31974
31996
32023
32030
32160
32196
32198
32211
32235
32256
32289
32290
32406
32477
32527
32534
32562
32589
32596
32667
32724
32733
32760
