26820
2157
18132
14569
2690
20255
570
7808
16285
30316
20415
9716
10870
15997
14577
5227
5678
13893
14
5624
26134
15644
11034
27748
6503
18345
17710
31534
14132
27654
18963
21712
13980
31007
28688
11588
14148
7515
17407
21959
7685
24703
19366
9693
27105
29903
8773
30101
21820
9078
17260
3342
5960
22567
30735
11578
22978
4101
6620
5602
14044
12224
8396
11498
21370
1281
12025
10967
27040
30473
3759
28814
22315
10901
22213
27230
1216
7428
10542
9281
14595
31419
16331
29535
11273
13513
15235
22740
28431
6599
27030
435
31852
30210
29486
2123
964
32477
11064
23209
18047
3440
28273
27230
6265
27765
18884
2434
22779
15717
23251
6392
30699
14558
7892
27636
23359
20040
9118
1211
14519
26296
20227
3754
14284
20244
12385
14714
28644
3449
4212
22978
5831
9689
13166
29373
29526
4585
330
3406
26747
28730
2141
65
11356
11941
3630
3540
32724
13293
8839
31350
31267
19616
26828
206
15588
24382
2956
18175
9280
11165
3670
14635
18274
6540
29134
27958
23850
23223
24063
29644
22822
25547
18163
15013
21694
218
16257
25607
6318
2304
28263
14221
23226
30023
22937
4136
924
24264
31704
27491
4418
10259
22661
32235
26934
21969
440
29006
12126
23208
17549
12035
29925
23135
28606
23723
21369
10307
26743
28054
18615
1225
357
28041
26083
24180
18449
26814
10205
6649
15468
5421
2896
9634
9898
8458
12589
23536
32596
19087
10072
31108
7577
9467
10657
10815
8166
11995
28405
29097
17078
7560
22229
29327
6570
497
2824
23025
24284
10906
27021
28955
19569
26341
19156
6929
13421
3985
30766
16688
19147
30848
26241
29459
21966
12221
2368
15796
14482
11709
20890
32211
3046
23269
11762
12700
14686
3661
7568
3460
19619
27076
11414
22644
28430
14100
27701
21289
16757
10887
15136
11995
2117
11945
29249
22300
24017
7504
18860
4868
24298
2522
2513
16779
1456
182
23797
13622
9895
24614
21731
29430
17422
11842
30942
22605
11116
4161
28635
27826
4459
18164
6893
25143
8169
21651
13313
2409
10829
12220
17611
15479
31767
10169
2560
1431
30140
24066
5830
1190
27568
30978
19561
22542
31684
29726
31311
3309
19634
12532
14894
23156
27638
11744
23676
11405
15840
1477
31015
16832
13288
7434
30855
24663
15681
8162
10385
26304
9649
13777
12877
15156
22175
3692
906
24214
11886
11104
208
9886
25097
2997
5014
25398
7359
7252
26805
29476
21074
4551
29469
3050
30538
3905
1734
14570
5007
16094
8170
21966
25399
16171
10866
2087
31133
2537
23982
31828
6835
14350
72
27046
16025
18189
10363
8642
29550
17239
19584
12102
4454
31778
14153
18351
29980
9321
13682
5242
13354
1332
3701
6025
32760
9497
7709
11977
10961
2307
8765
31506
828
29234
4257
11854
31113
15747
2373
1246
17322
18418
14533
28217
29508
31837
16149
10454
12806
28299
28274
21837
6202
10092
30360
17593
20889
1698
20534
1632
1124
23873
31903
30870
11952
9683
28098
24798
28162
32160
10844
20307
25883
17196
620
20806
13333
32256
26600
14121
13999
29613
16302
29099
31974
3599
16061
18981
12741
30415
10149
31285
25725
3115
31804
26280
26552
4858
30611
414
15147
18922
25640
6120
13162
16909
8797
3509
21505
8340
29481
20078
4032
11738
23310
29662
25430
21924
12619
26774
32290
31911
12114
2448
27973
20298
5244
2834
31996
28078
12796
9429
17453
6379
29458
18791
3647
17821
13697
27854
5935
14240
1602
7790
19936
2839
5754
31277
4275
20147
31914
13524
6232
4914
5669
18360
1252
5157
7368
32667
16675
24055
17637
29389
12335
5419
30592
8854
22849
17125
31934
19417
1480
19116
10906
10993
1464
28014
27610
14047
3621
32196
13121
6055
26128
10616
12039
23543
21889
31813
20614
12810
2774
32733
31798
10188
27226
7473
30171
13887
31769
8940
23805
7197
27635
5440
19865
19391
20464
10982
30998
28733
10451
7008
19322
19927
20722
8834
28894
403
19780
23856
20256
25640
13500
25449
18391
5147
8661
17285
22156
27432
25199
17082
24359
25315
23001
1765
16551
11423
18735
3463
22
143
29158
5134
8124
26667
18085
21847
30356
2005
7766
16496
7164
11197
7550
3234
15280
7170
18889
20143
26105
31770
31722
29528
12322
14707
9121
17186
14636
19802
4637
21338
26307
22045
16005
2135
28272
19308
14546
3327
32527
20997
16095
25485
7812
29329
10179
29585
4010
14280
6494
14647
21644
30684
15410
31181
8408
19733
24948
8576
20624
440
20323
11878
14083
29486
10201
19650
23036
12386
7456
2179
27961
22379
26886
14349
8734
30315
14900
1084
8107
29623
3003
12710
13996
16696
6896
3873
9775
24337
28538
11654
1083
29057
10665
17588
7871
28171
2826
27095
26825
9173
27960
31466
18424
9039
6900
25466
22068
18708
16248
7853
27548
28693
24585
6788
1216
3828
5068
24669
22801
17582
28122
9916
13718
6269
19862
12362
28640
28925
2367
7198
1343
1677
9921
2876
14902
21752
5841
16219
20013
20565
9784
5868
5990
24875
6511
2647
6962
27609
9837
3720
30309
26421
16573
170
10759
18036
27603
32562
8268
14922
1952
21536
32198
3409
19300
21633
4826
8111
25284
22841
369
17908
24860
13567
27375
3905
32534
19369
14953
13999
22140
11946
24339
17390
4170
25305
2807
7981
14600
13172
18925
7226
12118
13924
1223
16619
24777
26050
17612
19132
18677
29339
19304
14265
26315
13552
21025
22175
7206
23809
1741
8766
11168
18892
6146
27681
18602
10448
26063
6769
28124
17174
10921
32023
28041
7026
12456
32289
28823
16903
26356
12647
22413
265
27514
1902
12782
18119
23779
10124
16326
28904
2246
13645
12674
23796
18972
1302
6660
25111
11253
1032
18167
6178
9322
22311
29536
4051
31699
30140
2166
24662
13370
17144
24756
11787
1295
27353
16684
3722
16156
1618
32030
28133
11452
19110
30665
22829
16968
18453
30849
21047
13011
31674
1282
4255
15639
14516
13828
21518
17582
11396
14864
11193
2950
694
31377
22314
8079
27588
5934
9283
20662
2871
11095
28288
17175
4367
4638
9084
29038
613
7241
28855
13263
30031
27813
32406
7832
17412
28317
23723
19875
31552
6922
823
28608
2026
32589
3565
9826
26613
15004
5113
3480
25220
26009
16705
63
2897
6185
5355
27767
5455
387
26911
19539
14478
18055
10254
5845
12127
6738
21043
15641
3770
17679
14808
2000
32220
3343
6109
26864
4404
13853
23989
5546
19584
2827
26801
31901
4148
9617
31361
27721
30235
26712
6904
32198
24896
24401
18191
6069
17679
31307
4397
7544
26552
21957
5797
7838
9172
1536
28288
6817
27979
6233
30078
11476
7541
16086
6999
13463
19071
23039
5446
19917
11793
21743
6600
11664
24365
1962
2466
14115
25435
5041
10785
23847
23299
28372
21669
8978
19738
4168
16225
21214
22016
29689
17244
15102
15785
26657
17339
2198
14588
22810
6723
4587
23160
3953
11546
9497
30237
5179
4557
12036
31882
12204
24983
20112
4451
13797
8929
10261
24821
5646
27653
3341
31005
24485
9047
19472
10597
12821
102
15619
11889
19083
12927
23948
11418
9221
20595
4552
15832
23980
30106
23873
5861
23395
12312
10266
1951
21664
9311
25741
23215
17786
2550
10392
22632
30212
25976
4082
28913
3034
9183
31300
20903
23033
31490
31126
27069
25300
13149
1287
8741
16548
16145
17346
19636
26623
16939
1069
3713
30892
28713
13156
18830
4278
25275
26853
18858
21951
19910
23181
14485
10391
13486
19651
7526
14093
1237
21235
27434
24581
14687
29758
25294
7627
27705
2159
19519
27303
30809
24881
19151
21426
4423
4992
20699
11751
29660
30046
30378
8573
5193
9159
14489
32629
27996
9446
24693
5487
21759
31369
7721
29633
31234
14547
5017
22986
28442
30000
22477
15492
26409
8590
13650
7001
1727
10187
10205
5944
28385
22889
23858
32743
25866
1929
15684
19355
15472
22295
15774
11462
25736
9538
1025
14896
16588
4143
7247
23881
11708
30702
17831
31422
22307
2989
6866
2378
17307
14123
6622
2767
14675
1136
20232
7077
24592
17852
9952
3121
17522
7101
11175
14522
8313
11268
12796
4985
3399
7098
14520
5359
552
8847
22
1660
17615
18932
7191
23340
12003
11402
1572
2772
27834
18906
29173
9054
6500
16966
27059
1121
23531
3903
30041
30965
27097
3001
20832
9157
4859
24796
30875
29029
14949
11005
1376
1254
24758
27340
11752
21160
9117
5839
24568
23920
22172
24847
16321
18874
6412
1297
3590
15185
3426
12807
14716
12572
5552
25928
8054
21307
14703
18686
16321
26451
6267
27422
26573
24357
3935
24734
6414
13670
28883
10466
11938
3274
30851
25975
1588
17763
23314
14851
12320
31785
5983
26748
27352
10458
27911
32153
28038
19972
7211
8582
17907
28511
21107
24796
19879
16993
26962
464
31314
19725
22924
14763
3434
26380
2038
22138
26390
20734
20349
12550
75
22034
27754
31494
20532
11220
11493
15764
8408
1095
2743
7134
5879
1588
4692
11806
28980
8129
15128
2252
17018
26437
5329
17425
11160
32347
28286
6016
22574
11062
23126
24065
17101
7220
13068
5645
1114
2485
1618
12833
12979
10797
2204
19820
4757
11384
30246
6347
8382
11374
1336
5112
13902
21944
19881
26367
19571
10466
18850
28657
9029
5808
21412
22747
20463
26038
17868
18937
30224
5667
7766
3112
12385
14302
19809
12186
27799
26324
4081
2765
16011
24976
31802
9662
28312
28172
8988
25946
18244
198
27370
2869
26147
23063
1903
23934
5113
3520
13107
2867
26655
10438
3578
8337
15144
27009
17550
8143
11459
15855
26046
4619
16611
31822
2215
9349
22558
2537
10290
9739
1875
25650
22494
30900
4752
16401
13760
19409
3891
13180
15816
12833
29007
7496
25157
26692
2129
16190
3499
24434
12003
15986
29076
24685
12816
32208
18182
23220
13225
1784
25588
13306
3048
30028
18951
11222
28244
5958
4766
10172
21988
14864
23571
31532
31847
21326
7232
41
24867
32062
31809
5101
8893
30980
8572
19419
12377
11071
2015
30389
5633
18144
20841
15887
26699
6716
12012
31748
4918
12896
17937
6439
4182
18596
14492
1724
18481
11907
12529
10537
8936
11177
6103
18087
3098
590
22397
20029
28165
3523
20411
2799
26606
12106
24473
5939
17347
32043
10261
9380
28416
26628
27681
27642
31439
19041
12780
22842
26483
5772
2402
18474
16102
5799
7158
25864
17089
29431
27039
1403
12637
29315
22304
3530
26168
10718
29069
13900
22938
3137
2827
17696
17272
4828
5335
4125
26008
28270
23178
23308
16630
30484
667
26133
14951
20062
30757
16504
29308
26536
8682
13182
21673
27304
2713
22958
8614
9283
24140
13891
30998
31141
24917
24798
9831
4496
17466
6521
13561
10228
30974
22684
3970
16321
28066
12243
11953
9977
20460
3679
6929
265
15975
15916
17969
19289
2731
11523
32514
4130
28894
22017
1408
15232
26747
24392
404
18120
29266
16372
24889
11803
2001
593
25055
25659
3969
30283
18700
14494
31443
26661
4169
25537
28957
12142
2108
11711
11232
10801
14098
25378
26700
30829
30240
3065
4614
3012
4809
6443
2856
24439
30370
31754
13706
27794
6868
23595
8512
11876
19138
24438
1123
19250
31212
14457
24597
13613
12563
28417
30399
22432
22175
5868
30621
9326
22077
26937
893
5564
27596
29537
28355
30699
5498
20714
25777
4041
28970
9017
20453
28936
2330
15272
11299
6383
21442
11224
9557
8527
27391
12361
10192
8121
15984
10535
17881
1262
17696
5479
5736
4247
29286
17427
28972
11574
29194
12258
11214
18525
28585
14604
15482
31518
27995
12636
26012
5826
28050
28295
20199
27069
29766
22204
12188
20706
9039
7036
28169
26836
30226
5804
22608
29629
24671
32233
23145
18242
21658
24603
21866
22198
29977
8525
31750
11661
29902
26812
22612
28180
27430
13613
24274
10336
7984
2948
12970
7556
3586
29587
32564
17160
12377
14128
2747
6806
17279
6026
26244
12789
6514
27837
24588
24380
13378
25507
6034
3391
12475
19949
24533
11342
17476
14451
19231
6943
20999
15305
2434
7176
23378
15123
31842
10865
20285
1306
9012
17546
32142
2975
17796
32057
12505
9455
32317
27223
13292
2999
3109
17179
18026
4378
2983
17110
17589
13569
32213
9185
1809
6322
16557
18132
15367
32677
23707
23033
16904
21138
19264
5377
17491
22735
7026
23797
7961
7129
5764
25711
20190
10545
19143
7177
28450
9833
8016
1814
3137
27518
21756
18576
19608
5992
6322
31826
13545
21232
2792
12423
3072
13762
24681
4963
8599
451
85
10513
31864
10404
17257
7660
13281
20408
14464
2289
30764
17922
4698
12916
3759
8339
8861
13075
17634
28947
1561
32489
7871
19101
26192
12548
17519
2256
29750
11032
29474
3362
53
23924
30015
26232
21364
19254
26045
5876
11865
7867
17104
27662
4173
25178
5065
7399
11455
12626
9783
8921
12651
29952
9811
83
16860
598
5787
27108
19503
11144
27324
1429
6939
6664
18869
13436
18734
1205
15162
6798
31065
5712
17494
22709
30895
6191
14165
11555
11626
13621
15073
28133
30511
26881
19563
4539
25747
28518
16845
15143
25053
18459
3629
31172
17677
8884
20004
13785
23326
18129
24351
31278
23177
19606
1542
4126
24330
14683
26908
8686
21158
21668
24871
22365
26605
18771
26064
8316
2429
26396
6476
8896
25287
6202
14140
31830
26134
24416
27346
20918
29645
29171
20534
22907
1775
17014
9512
23154
2789
3910
27878
20465
15996
18823
2896
10346
18478
26718
6986
21055
24482
31840
1122
2776
12406
5963
5043
9204
23099
23540
7176
13116
12737
19073
24901
24606
10133
7384
21251
17368
30665
18264
23163
4051
1779
29126
16293
28211
4216
31882
27041
20652
2571
26139
32341
8599
24688
9400
9560
2885
29062
18521
29198
18835
26500
30949
14613
14782
22915
9381
21728
7289
21821
29433
7586
15933
13844
20297
6254
31201
27990
8255
8604
18794
8127
32563
5742
22820
15423
999
16884
20722
28670
30837
4396
18402
7070
2437
21102
5636
11712
18115
1031
30845
1737
1937
30245
15319
18918
2040
17395
24731
16205
20965
26628
28194
11206
18066
28661
26536
16746
23618
4942
6050
3499
25649
12714
9553
2197
27851
31768
10392
10580
5148
19904
12299
9205
24200
30666
27976
13425
26044
1147
31626
6887
29668
13729
29819
11561
24350
16946
18250
8570
14639
5936
1534
30358
10102
8143
7434
7411
30494
22746
10529
17735
16791
13139
24395
30794
13638
2650
15161
23485
22139
12367
26581
18603
19620
22331
5662
5871
4033
22636
13875
16886
2584
8032
18093
19142
554
15333
11826
31551
24805
24445
21320
28321
10267
18951
26214
847
11571
27036
4689
6611
27679
12728
1702
17697
1678
28058
4274
20512
17250
4589
13962
15462
8804
20903
2136
7747
22582
31282
7156
31234
18058
23242
26292
1643
17554
15142
27012
30861
19383
9562
25401
15546
23694
1788
32034
16594
12296
28037
9696
13253
2281
25083
3704
24147
14715
10189
32167
30998
12675
25343
28022
9155
10356
27014
9997
25005
14307
17398
20684
16266
31291
8538
8856
1658
434
16995
13427
8261
15227
8134
6992
4324
4925
20447
18469
10564
27333
28570
23873
22342
14840
4755
28128
14090
27403
32380
23549
18797
18166
13760
18535
29648
1573
5477
18711
11548
22897
2615
22977
31746
32592
8483
15017
10888
14664
30433
12728
21185
13738
19158
25039
10459
16764
14648
11355
9824
22199
24691
20778
31413
23219
30155
16509
25831
8415
3395
21342
23206
1461
6334
24115
8338
13805
25189
20884
14262
30193
1608
23898
17490
32146
12104
18936
20958
15353
6964
31759
6219
6112
10802
22076
9868
2
32097
27957
5717
24527
26812
16916
11555
19557
15426
30450
3708
32188
10324
12728
25464
26656
16734
8498
7040
2533
26297
22629
10838
16726
4304
29731
26453
16110
19074
16092
29179
26571
22984
18103
16292
15455
23448
6625
13976
5993
22281
7461
31304
22819
2999
12478
19669
21181
32617
5993
10706
1547
3825
21438
32331
3451
1620
28607
8710
16457
1067
25266
30216
26358
11337
2348
19547
5110
28062
25455
32015
29865
24411
3573
19583
11916
31063
10317
1750
7345
11186
7718
29905
364
6584
1706
3526
80
31752
3597
2789
29785
28149
7525
16318
30315
10796
13500
23555
10235
31383
11107
31375
5644
24450
19082
8616
18526
12797
30222
6273
20706
17793
22418
13827
28528
19670
16337
3277
7612
1587
12850
6266
6023
29352
20126
20514
13074
7353
3470
16931
7640
12876
616
7457
20860
30149
6155
19019
21761
19055
31656
31968
7737
24606
10709
23282
10112
16914
20956
9067
3498
19743
857
30029
19001
20747
23044
7230
24019
24888
7115
1603
32500
6274
32036
18124
8417
21611
32673
19185
26333
11126
7876
8955
22430
8912
16150
1318
25858
26421
4979
28069
7167
3346
27816
32743
4312
7143
10048
3353
23447
26864
11162
25580
14519
1284
13375
19864
8737
16829
20083
23585
29786
4569
18698
28120
29690
18656
1405
2598
18272
32263
24381
31621
14500
5717
7495
19151
21453
14852
8697
32699
13636
14634
19748
19108
7305
9113
17506
31629
5925
6147
5546
27235
22496
3682
26657
13441
3635
8598
12083
29562
20992
7248
5091
20754
30593
19760
2143
7309
24447
26154
14808
17709
6084
27438
21648
24054
24530
29704
20021
3764
26069
17797
10861
5695
20439
1495
28082
16894
25907
4154
12896
32426
27724
11224
5132
26196
4222
10730
25880
28586
25685
12065
25220
8822
21501
11332
23047
30055
7162
18970
30303
14612
6169
19594
9701
13374
32423
12545
20324
21845
23520
3092
18731
7486
25002
27239
18017
10068
24452
14541
11929
29357
30393
30640
5030
20638
24281
15796
14769
7297
20073
19863
25993
8373
23514
17244
25913
19687
27320
7336
1760
8592
31012
8300
29117
29887
24964
27076
5514
29721
25721
6687
9227
2078
3858
30369
18662
31918
20799
29893
5045
4811
22664
31303
18522
24480
766
21569
2450
7362
32370
10644
4558
19895
26598
27785
28222
24245
32577
4024
28718
8363
17223
553
18581
18054
2503
14010
491
18349
26646
15040
19516
19405
32701
8177
20347
988
879
15746
30744
5208
2110
3212
29140
29904
30478
9140
17621
26790
12873
5643
18677
29971
17364
14643
25440
30827
10050
5828
16990
18083
1096
3309
2925
28432
28017
25183
12179
3953
30483
20838
23026
22576
14978
20057
11421
9701
6531
3381
16298
21532
22020
2693
5769
11608
21002
7045
32660
7256
3050
18822
4582
664
10940
31892
15729
22555
12045
14679
8523
30824
7124
30263
7241
16595
11175
19395
19407
25597
26159
1108
27878
5790
10714
20205
21391
31106
32207
6502
27736
25810
16423
21962
31788
30869
1114
12029
4719
5750
13815
28834
24907
10440
21401
9787
28740
23239
22038
13714
23827
9761
6137
30809
7857
22965
20787
6413
32434
32154
31501
14112
15572
14435
12385
5718
4312
6561
24074
23920
32400
28074
22425
10248
12346
32409
9289
28604
19212
26262
6198
4238
29200
22360
3529
27787
27442
31463
21367
29355
6808
20903
8619
3321
18481
12690
11520
14835
25489
19141
10420
21812
14844
21822
19802
21328
21184
19428
14286
29952
26056
22727
13422
13695
8303
22186
19079
30771
11410
3007
7182
14736
11753
433
28049
18234
10647
7911
27244
17257
3071
25864
31040
30610
16602
30906
13473
14916
4486
22192
23567
27728
15777
23011
20776
20780
471
30495
29979
18073
248
20930
31328
8068
17230
3521
32423
9770
16429
747
270
2432
9675
13682
2198
14802
21330
14247
3800
30890
14644
22789
756
8179
5055
18033
30923
25694
13297
32704
22638
5893
19085
18042
8661
10831
26990
27101
6357
32275
12060
5157
27980
14080
20637
32011
13215
9532
30094
9612
16742
32331
6770
235
16997
28211
27977
12025
6591
17373
22629
11156
25446
15551
12153
5998
10710
13240
13043
32272
9219
14139
23947
15646
3983
19120
12316
28892
31553
22295
28595
2545
5555
3823
2534
28779
21578
18774
4968
22532
1643
6257
5338
10659
10476
7950
6627
9766
3529
27016
13954
9823
11289
19947
30371
7260
11328
5977
27633
14828
1125
173
19948
24670
14631
16989
24635
15756
5771
14245
4931
14873
30009
24290
4856
7414
24553
14652
14323
2091
11544
19847
3782
13012
24831
21099
27020
1129
27589
17347
12228
30019
6132
26436
24671
22620
15658
1119
31255
29271
2833
21352
15875
448
144
26615
104
7316
25411
6799
31699
1796
19241
13693
23140
26486
5789
26883
26989
31693
23176
19126
11068
13290
8916
25637
15156
21874
5924
5307
14371
3282
22466
19175
10447
3969
9944
22649
3794
13189
12772
26192
7080
8249
3942
19250
15367
31821
17627
18939
28014
15630
26863
31482
4609
31464
13807
25752
13972
28457
8317
1850
32518
32519
18055
24681
11472
30693
19066
10545
29661
24786
28338
21446
4509
1363
1334
3182
23125
7522
1954
16794
12473
14006
27492
30550
7100
17221
1579
27108
28327
28936
5789
17316
14184
12030
17737
27192
26413
883
12764
9956
26930
6018
24727
11835
7127
7129
7168
19192
24566
27324
7896
12330
12915
2893
6734
13972
1045
31242
27762
2387
17300
23191
6892
1473
19955
30398
26094
21146
14607
11956
1895
29277
11385
16029
29306
21749
15489
32083
10030
11417
31635
30819
28263
2545
13767
4441
4629
890
2739
62
26027
27691
22916
24414
13011
23897
13133
9295
24159
6104
18334
10798
22915
99
32601
12588
13122
15165
14785
30537
24103
11033
24532
20064
32309
22328
16859
21348
21280
31953
29503
10985
4798
20405
6302
26342
18360
11827
23582
31161
2181
19513
31745
23147
6809
6589
10106
15926
21977
26715
7615
2884
23635
5184
17248
26810
31276
13382
8663
4085
16857
5472
1376
17171
14482
1337
11531
3254
9988
12312
16655
11524
25159
5639
865
22515
8463
23348
28293
10435
12582
30615
13989
28364
8474
2517
24800
14201
12851
20837
25828
14741
9895
5105
3263
1477
16401
29183
1778
8278
544
28368
24263
26681
3468
12168
20197
28492
10063
13712
8738
10204
16401
6201
5784
2919
4068
418
30459
7846
6705
29403
24106
30410
11762
4938
22787
9223
13858
3918
23164
9551
28274
18979
13807
18784
20542
26374
5046
8448
19391
28057
5112
26247
8578
3464
5058
32415
28697
17773
18522
30280
18960
28913
9424
8735
26659
564
15829
17119
19373
27248
8144
21288
25956
30169
19247
25215
5188
7879
19195
8599
4297
7190
6576
974
6241
11981
18507
6651
27937
29439
7076
2663
32183
14319
5118
18969
18848
9079
4829
31575
21915
9387
4888
5481
17501
31161
10030
14752
26502
19732
12765
22935
23764
11729
3313
4793
2966
26449
4699
25347
5732
31776
15234
6923
5390
18461
19166
12610
10962
3547
13250
23158
19666
29512
13433
2971
19653
12684
22165
18634
31724
31796
18820
25994
31303
25488
19300
6735
1546
13913
5144
4928
24395
9879
30364
23613
5117
13762
11413
20001
18465
11304
45
24900
20027
8078
18461
2373
9219
19738
27147
32262
10078
19057
22295
5623
6028
21020
14001
5528
13987
12080
13229
6201
7996
3118
8089
30212
8812
10536
24654
19262
16886
15653
23493
1226
6846
1735
22060
5615
21377
20523
30265
15195
25540
27153
25535
28519
18186
25149
13439
29596
28746
31005
6976
4982
4512
6827
3362
1129
3139
24213
20783
1826
7351
21403
11827
11791
5956
6713
10957
27937
18598
4743
5063
22225
20230
8541
15523
10849
32553
20666
11894
5988
10728
20327
14586
23168
21984
5079
6622
6003
16746
9810
11872
5204
16590
22099
25374
14875
19635
24366
22057
32356
21722
16373
24412
6768
11020
19101
29420
13165
6737
11869
4671
22519
32355
343
16130
30430
28514
3450
9334
13098
21961
25767
27402
14684
31393
18
27183
31223
26613
28396
11368
27967
11653
22591
31136
17473
23998
21529
23489
11027
22250
24556
20866
93
11429
29237
9089
9752
17808
29020
3985
20374
329
4571
15957
28867
31386
24483
14094
12970
14832
30395
17841
4411
27663
12075
1853
1611
28933
16408
4171
26076
22364
7728
25062
20383
6036
6473
8350
22967
9169
32068
16856
22720
8144
14904
9064
26896
21791
22477
16738
7484
14222
14309
32300
30174
3553
27778
12504
1686
4807
9444
28081
27727
8720
30193
15636
30916
17946
474
13442
14146
14732
17148
9714
11951
12615
32260
22892
1227
666
8023
1235
26294
31157
1969
30211
23219
29793
3083
8988
24363
5358
11459
5404
31477
8556
18423
24756
8916
25374
19249
8532
6209
6699
10314
10889
9579
22935
4488
25480
23165
24434
16650
267
12319
15695
20326
4443
13119
25848
23952
3758
7697
28000
5630
27572
596
9177
18697
20077
26840
15751
10391
27965
2621
15637
26359
16962
1277
24742
15628
2277
13485
11279
7086
14767
3711
25411
3149
30815
9996
2318
1239
10297
17744
13831
13020
6816
9974
23488
497
3047
22998
18495
24914
25189
20157
32178
3275
25543
2412
12894
23768
21674
4579
3289
25099
13930
2783
28793
20398
5940
4513
28172
31146
10339
19185
11465
27047
3849
16739
24455
20341
8907
30937
6701
20650
3827
23369
7018
31629
2496
25280
24230
24883
5632
9383
2616
6888
737
8774
3545
16081
7685
646
1368
1999
19412
6395
13200
13477
31254
24097
10648
25182
8385
15590
28217
26089
17679
22889
14757
26887
13012
13570
6501
20071
24591
21378
4244
8462
11967
17852
2123
4861
248
15684
9308
20238
21301
3446
20547
8736
20720
15802
6233
16243
6000
4359
9035
9301
6883
9894
24523
24319
25004
6201
14981
15546
2558
14587
28757
9030
19882
23113
20663
6523
30773
14690
1151
17201
814
31339
11466
21598
19646
21686
28212
16254
7297
21571
15435
9016
27284
21639
31044
15166
7408
6253
15853
22645
12022
9115
24035
9302
30538
14582
31749
13204
32741
8808
17192
11262
9318
9697
5901
424
27305
19355
20880
3909
18843
22947
24609
3544
21069
10389
21880
12172
28487
13734
17285
25055
11806
5608
29094
31494
18249
11978
17181
22157
22576
22494
25025
9535
902
18912
243
29765
27609
32499
19668
12178
15463
26669
22966
9086
13364
7254
10192
16816
26457
25581
3893
11586
10911
18028
10247
21024
23884
31950
743
2993
1341
27981
17841
7866
28981
5232
102
2687
21877
32581
20074
29995
5773
15083
6128
14193
13937
23892
1970
19316
6095
2889
2277
8932
2976
8111
24940
10346
23806
22536
15436
28743
20277
10813
14432
23608
16924
10138
20302
13980
28838
4378
10425
2264
32180
229
11704
12539
17197
19735
28807
31390
5969
1987
15485
16143
31818
16440
25150
20654
28164
27010
5170
13718
16959
2612
26422
30080
20195
6501
19345
32485
19091
11513
4649
26467
7044
23842
20983
2914
2192
293
16824
20727
134
10594
23013
4617
27589
31375
21222
29106
15369
20036
21379
8423
11908
15548
25499
22108
29745
29658
30488
32162
13413
32618
9506
24978
7591
26282
24467
21999
30913
17160
16043
9287
29207
13358
13574
16410
3384
21820
16330
1599
30387
5972
26405
2946
10284
9564
8951
16018
4782
13567
30667
24859
17219
26869
24588
7215
13762
10373
21878
13290
18921
4168
3786
7766
3755
24623
17862
396
22475
2759
6484
23836
20906
18876
24578
25263
1886
23453
32434
16875
3843
20190
6034
27543
20566
32291
9551
4096
6528
8636
22150
23707
30255
6763
15740
15595
31979
22894
10254
8869
1704
2489
13291
6419
1175
24196
29440
10166
26690
11013
13364
18479
20952
10111
17494
29536
30917
1915
15187
2510
646
17749
10669
6985
15292
18171
14888
20944
26495
16370
7111
943
6388
29850
18422
12522
19234
17074
30985
28638
11009
4894
25829
3366
18388
6376
4093
25276
7609
390
19585
10848
11903
31323
14801
20286
7351
12160
22584
715
32014
10179
1239
6384
20954
8688
29151
28522
25842
22352
28420
25713
29635
18288
5678
8343
24992
28963
12401
14324
25690
7370
26431
26240
24337
7123
5596
27584
24393
8576
20243
18853
28736
6378
27432
27313
14464
7237
12813
29531
5552
29029
30168
17077
10927
12161
12661
26188
5092
29240
32664
1359
13775
15825
32246
1780
23012
30919
28853
30744
3482
7813
14881
29734
30655
3950
31392
5433
6158
8736
27880
12165
9475
23034
21103
23539
31726
26332
1059
5643
22343
21037
31580
28951
16193
32035
26383
10373
26785
21566
8516
3982
30161
23574
6346
9237
20016
31575
809
18642
32685
9738
27352
27311
24212
19990
28080
5490
22439
15622
16289
15261
10353
15116
17828
13714
29143
10054
23792
15355
22768
25921
8817
24937
10775
17340
20086
20283
12862
16558
30890
18882
17029
20106
22597
16291
4619
32449
21635
26748
29187
13704
31062
14026
2059
19165
9303
8458
698
15556
32259
1566
31864
22231
4900
12531
147
29437
8845
16225
26255
14202
29450
28754
30653
30248
17815
7463
4879
4355
14288
25175
17194
2027
10921
15193
31421
5030
351
5573
27409
29221
19631
8118
10466
18440
13893
21874
4974
15204
16503
4685
12747
11203
11827
10442
31357
11116
10038
17924
14664
7653
27775
9292
1859
8119
12548
20756
2350
7025
27299
2572
26629
12271
12123
30090
14293
19420
29372
14895
16591
8822
14236
14792
24219
23953
2572
29554
27119
12511
21899
20738
24671
12910
27513
25507
15991
7282
19918
21441
16391
23621
4619
2086
31422
4780
28785
18531
1786
26972
21361
24178
10975
25021
31589
31641
15271
237
2685
25745
10552
32008
3324
10472
26620
20391
20900
27044
11501
20902
9838
29481
12271
17451
19839
11869
26723
27363
15960
11529
30713
7055
1869
21891
14277
26304
25400
29066
7062
15838
22382
9329
24451
14959
28146
3200
13254
27286
24553
5015
23246
18138
17486
13076
28047
13609
5863
12023
14877
15645
11128
3140
28793
20862
24886
18089
4522
21255
10878
2401
21776
12397
15559
28504
30710
18333
31958
3728
11110
27717
31537
21187
5185
14231
5333
27466
4495
1354
3115
20541
15635
16865
11833
8924
23074
28207
22549
27949
9910
31771
28832
1255
17087
26785
10864
5519
8633
14105
8718
5601
14979
12732
11362
11377
26991
4964
26987
18322
14486
32403
28468
27767
622
26039
8451
408
8862
18604
1747
6231
10512
27523
14596
31204
17224
27266
13394
31582
20469
20331
10756
23867
20678
3074
8293
14825
11903
32201
30584
18357
844
24334
9704
29165
24405
18727
16958
3393
15250
11261
11350
11119
3809
24263
27412
21024
14678
11800
4691
6412
14802
2844
17694
29541
25047
16414
10275
10355
31642
20046
22628
16252
5722
22722
14896
25318
27889
16570
13394
32415
6825
22312
11144
7613
4688
18288
21047
19298
2959
8044
8284
31459
23159
6323
1990
15145
25949
1819
14467
14679
11496
4220
2456
22188
6760
4535
23029
21932
2153
21751
32167
25210
14729
32055
2896
31369
12678
19205
7636
30579
9371
7813
24150
16681
28941
23224
27235
27469
22273
3582
27244
16860
25232
986
27770
2320
15389
9206
22301
29829
21222
16999
2213
6554
5594
17713
30357
24858
11947
17166
24917
15388
29475
32619
28711
8231
187
26548
18780
3738
13930
30161
31432
11083
187
7153
18035
9839
11298
7558
10129
32186
12688
31120
9141
22727
12613
18975
15425
1209
4070
15635
5153
21283
27087
2599
7609
24613
20650
2606
25883
984
1856
21404
19070
29420
12176
71
16620
21136
7966
111
25914
17298
19854
7932
317
10440
4465
6920
20283
11438
8031
31389
4512
19024
32582
31424
21234
23915
27649
16558
25095
32207
20781
12389
24182
10759
23352
3174
26955
1340
19898
17082
19967
11351
5129
2867
14247
26214
16392
15092
18027
13377
27455
28979
6458
877
11825
318
8124
2112
8681
15804
18568
838
8151
2358
24472
30180
13274
20438
12537
2619
29854
20078
17351
12879
13864
19131
16729
17001
19119
8428
23737
2746
17838
19038
20055
13376
30007
16810
14334
25838
1418
26593
1286
28423
742
20246
6860
4043
11679
3613
27999
341
21617
403
19580
25540
10516
7710
31933
16793
17168
14326
28941
13152
17619
25509
14431
26259
22273
21515
29600
3003
28171
22948
26601
28632
3587
26382
250
17667
175
16069
22500
24146
12764
11826
4613
25340
9716
31204
11321
15549
16083
24349
1615
17788
17111
20112
17082
30764
23094
17513
20105
10480
30357
24974
9626
2178
22742
10788
9994
30421
10545
3414
3567
26873
21894
6737
25162
26176
10737
1683
30263
24735
22432
26982
17255
27734
24033
20647
15568
6867
2431
4812
26787
31956
32335
550
22143
4045
32518
25954
17892
6793
26445
22870
4330
15635
3096
32763
12083
14295
30259
8373
25886
11781
11037
7643
29501
26422
30746
25459
23050
21586
29572
13117
1493
23473
10338
29172
30465
12416
8252
22992
14960
14695
16173
13903
17980
19048
9785
3381
3752
13835
4065
22737
26454
31160
23285
14211
1210
2404
14250
13435
12750
32368
10988
3523
3591
11725
23541
7040
26504
26981
24607
15477
1431
28854
30966
27592
30541
21696
30866
25609
14993
21282
16420
29552
20295
27776
3278
25958
2756
14887
1720
9543
16261
18164
18016
32359
3361
28530
17457
7507
27773
3394
26200
13913
19519
29120
8403
30026
20869
29667
23498
6782
4310
5477
5155
26905
21337
804
27217
19085
15428
29897
4972
19296
25240
12199
24711
21808
13068
12518
20542
18932
11846
17120
24206
25732
22353
459
1770
604
26188
5017
11402
15004
4959
5916
23815
26196
3572
3694
8485
32255
29731
18576
20463
28749
24173
3665
6154
22054
21422
5745
13123
10219
14669
1287
30826
22527
5046
31264
16227
30342
11018
29609
19322
17004
26644
1679
12279
19369
32128
13092
25330
2756
12615
22725
29289
4502
23150
3258
3984
14673
26352
22621
25704
29121
32249
8830
26515
5585
4692
18439
8807
26960
31015
10204
7489
9205
22750
9733
26140
11681
1125
27151
25954
28645
5786
23727
29953
24772
25090
10409
28098
10938
2234
17136
7895
5629
20657
15887
25522
5890
2069
27847
19486
9795
3595
6138
2696
17728
21411
19400
7325
21699
26891
32759
25115
8297
27395
8088
5600
17246
25744
13287
23880
19048
30965
13940
25013
14119
27103
20096
10351
18587
19936
32170
7343
11494
2846
32715
32758
83
27213
25118
13475
15768
21978
5540
5829
856
6505
198
22318
21228
13698
21565
3273
11363
7047
10031
28717
11207
26090
7834
30065
2978
24732
9206
14402
12481
30153
28438
28212
9016
21186
26448
21334
6311
22843
8157
17673
29627
12470
29570
32530
23799
3135
880
12013
22708
30810
7530
20836
32358
17722
19749
3681
13602
24883
7412
1793
6493
14194
18853
18921
28663
26348
28069
25053
19064
26004
26475
12943
16537
25553
32532
6068
25350
1071
3915
31325
19298
15189
13676
20613
28043
27703
19689
15078
3616
5260
14828
13586
577
7555
18238
3006
7318
9393
7015
3425
27539
20814
2327
10494
11514
2466
16068
28477
6817
7354
6549
10689
29813
13407
8063
31926
27583
9033
25774
18089
21414
25487
24614
12957
15093
22882
29610
12379
21279
11771
10972
18185
18561
22226
30119
30206
28646
7441
25050
6101
27984
14664
6165
31680
14326
22370
8169
10527
8073
5848
12091
338
14011
23332
2281
13259
18178
121
11953
14439
12697
18609
27214
17406
25033
5255
29155
27449
13414
15622
11165
26531
30876
8513
21652
13059
28140
15429
3827
27882
25457
22348
7001
16008
23656
11315
16767
12483
24047
3118
11290
10379
18957
24251
15363
32103
27635
3284
5781
24148
6529
11369
29526
30928
3596
13
27866
5682
25183
7920
22757
9020
17919
22797
27600
22003
23988
11172
11054
26030
27460
23019
29615
2414
8834
32257
5700
12397
20359
9763
20611
10490
12864
21026
9294
10627
13097
25876
21167
28660
21847
24394
32263
27456
2492
29827
14184
9020
18343
21087
31551
21172
3722
11031
24886
26553
13568
22634
856
24120
10510
10971
24694
10449
1449
14617
15818
7141
8569
17343
19419
3825
31453
317
4768
10267
9519
26134
26856
1547
6985
15693
31482
15356
6984
9497
9336
21523
28560
17376
8585
19439
18704
18787
23350
16257
3783
4151
21269
13854
18054
29556
29221
17874
31480
11441
16122
248
17121
20015
16154
25095
19875
11604
1958
10671
6406
20827
16701
25381
13368
14923
8989
699
13331
5157
10635
21171
15519
10850
2934
8789
17368
12188
13143
27455
29105
11660
16219
24829
16728
12596
19652
7897
18364
1885
4748
26612
17229
7492
3916
11670
22786
22929
20061
20419
8865
392
2109
19471
29243
32387
8756
20147
28405
6048
20791
23007
28431
29623
25612
30546
13086
30607
30895
10281
26268
21585
8437
1780
2467
23100
14959
20495
10230
25499
32145
17456
321
27636
2067
6460
1698
10115
26264
27999
20839
12006
24974
28763
30490
4890
4437
14112
24251
28070
32163
28062
31564
16662
19495
23255
3987
15787
17004
27448
24347
15953
7937
13609
28796
4561
3543
11235
17628
25672
15338
29825
10422
23768
20003
4442
474
17309
16253
22415
16053
17379
27240
25312
19155
7830
16747
31684
11426
24825
31500
9144
12409
29595
13556
15319
17624
5512
21071
31147
27634
6076
6514
7747
26216
27869
21696
9093
31576
24873
31438
21446
406
3757
8645
32664
3641
25015
16904
17891
27738
16783
3095
8760
16920
12642
21940
13665
1759
32127
25156
31805
12011
18630
2679
26827
12295
3676
1835
4484
17307
27556
25486
27374
2533
18027
23171
16238
29319
9059
9032
22877
3650
16595
29013
4959
11777
18828
11143
17136
29465
13343
7805
12608
13519
8781
11843
5697
24347
21695
19245
18942
11947
1784
11782
8238
28203
18311
8042
8713
6340
8321
20081
6746
1506
9262
31374
10198
571
12803
29878
18860
31245
2000
15300
6749
6310
29499
14364
11470
298
14189
23182
16284
1169
31499
8830
15023
30959
21096
20290
11026
5624
14841
16588
12545
31427
5385
19337
5188
16590
1197
904
29372
16451
11003
17119
15676
27001
11895
28491
30362
22462
4558
17174
26885
340
13255
7486
17816
10425
2934
7379
25136
29483
29875
2977
2427
18540
8394
23567
4434
24515
32628
15943
11081
7747
13318
4247
9092
10831
27369
12055
460
22622
9034
26253
16609
21756
16658
3725
4114
12306
31513
3813
21260
11622
31126
21560
21488
32357
14555
30696
23464
18721
1087
7993
9338
8342
7515
21940
23261
21041
25465
26314
8332
11411
3913
31418
17882
9106
22230
31413
11589
30080
3513
63
3405
13744
5516
21464
1159
24631
12962
16092
13293
23280
6389
13480
21368
1987
17760
5886
29937
19494
30479
6571
26884
12771
23859
2406
31382
1308
19706
31228
29784
5005
5054
8106
9372
28946
14717
22474
21352
25961
18313
9395
24265
26424
26496
8410
29034
18514
28287
11581
1893
30518
10387
24321
13657
31193
30832
28761
26045
1445
8038
14507
116
22721
16784
28654
12449
14483
31311
16727
15548
14723
5366
28980
9446
13314
15815
6680
31609
2763
16159
17720
11236
9833
7917
25109
9142
18938
12392
24923
4600
9522
28162
30473
12480
18339
12183
18387
19715
22843
4331
1477
171
15374
7251
16424
21225
31573
3506
27305
13005
11191
16807
24504
20
8392
9477
25135
5697
7120
14468
25140
3567
22477
31926
2400
10341
5819
23100
21025
6507
5138
23097
11868
9052
145
17159
343
14717
27450
27945
28887
7309
15262
25729
20869
9629
8538
10691
12950
13090
7394
10282
19627
27721
1405
13162
22518
20106
12433
8677
3487
14720
7713
22305
22630
27896
20116
21114
30857
11592
9656
5652
7912
482
32518
31252
17255
16936
22312
16400
14996
25730
11960
31427
20106
17326
2635
7686
24341
20056
13230
19196
19734
21739
8303
11404
13609
27046
8607
30740
15750
1778
16599
26203
31525
28659
28281
14536
12838
32605
25912
7890
30063
22665
26331
4024
27031
11976
13885
27762
12035
5879
29337
32231
14158
5971
14340
9056
2542
27023
10555
17725
15381
8996
18079
24551
8150
14313
13950
15109
28297
2787
25236
8435
29296
350
3794
10863
29595
19516
19806
29334
27656
23438
29658
18192
18191
12385
30185
10375
12285
218
18671
12125
13312
25222
13593
10398
15171
28395
14238
32563
7513
5731
23108
17753
21727
5418
9253
29266
5725
16053
1971
10330
20078
4933
29178
5853
19233
21437
24357
19687
5278
1968
6212
4060
14605
10687
32332
2665
4019
28194
1631
26554
14174
22404
19278
12014
21508
3604
22621
29384
20391
11481
4422
10663
8827
31045
23424
16824
26187
14606
27840
17770
14617
6713
25281
9250
13061
24952
2113
29489
29552
21173
27468
15107
2400
2031
10428
9368
15142
10821
4353
6968
28991
16720
2590
13923
18553
3254
21236
8
3926
7164
3011
27383
12981
6300
10222
3479
23983
30296
11518
29916
20672
32205
25322
9076
13351
25931
22934
4417
27023
27620
26521
16140
8430
10947
1603
12920
13486
4288
11999
28212
4363
15409
7477
14965
10940
9986
6995
20900
18645
22792
14989
17747
9708
5266
7619
12150
11386
12609
14562
976
21125
6426
10669
5547
22652
7130
3518
9676
28515
3209
31175
3238
2607
23890
30238
21710
24180
11666
9337
22959
22589
32303
29430
15999
1339
43
94
20850
15139
12665
5546
12077
32081
15375
22726
14973
26033
19260
7318
15433
5343
19260
29239
16325
28045
18186
24455
32489
7974
22645
24295
29474
17328
24182
3135
24135
5367
28097
9027
24526
31976
12186
13045
27200
1339
8938
10859
11498
27221
29586
8915
17878
21868
23551
2740
20473
492
17662
5751
8622
21017
6098
6693
20323
5878
30341
12402
18066
3942
20091
21243
5364
25234
31053
18380
12273
6538
24532
2085
20570
23599
21379
1150
13914
30032
4602
27080
27050
25107
9945
19446
18949
28823
8146
22972
988
12759
18179
32150
15690
17106
22402
4109
3914
12521
24633
32566
7976
32136
18676
3963
27701
1288
11704
6557
9663
19668
1111
27130
7488
31947
16449
9484
10454
2022
26781
21811
2547
18459
21656
1460
11350
4481
509
3841
20794
180
14855
30779
31437
2171
30835
4597
11235
680
18648
11835
20460
18496
3643
6610
24355
5340
26846
15042
4873
14671
11866
30738
16146
24969
10221
20179
8606
29116
2837
14432
16682
16061
24670
17891
10696
9644
19576
5403
7884
18135
28556
605
5321
26588
20176
15321
1980
16654
31834
6687
390
14874
28978
25058
25760
23019
19882
21243
20234
28106
29682
10416
10628
11210
12519
28471
14081
21603
26412
21110
14425
5981
28796
18957
30782
16367
10558
18070
21361
27689
23130
17451
4405
21391
30028
26153
8197
24839
22135
52
2690
9205
443
12412
14511
23716
3401
28478
20832
10216
11958
14221
20464
3585
7759
11602
8755
30915
17581
25746
25259
21748
26249
11759
767
25334
17105
3186
31400
31397
22266
14471
19950
18051
15769
21577
275
14867
23341
13568
19406
18306
19775
26088
8443
6284
20398
18485
24208
20126
3140
29779
14803
3640
2188
16498
15306
22934
9704
4162
25075
32399
26590
20987
14134
7101
29875
19617
31000
222
1083
9094
7473
28282
12527
13072
19168
30919
24384
10940
7485
4553
12075
2147
16719
32445
11278
22717
17536
15544
11962
24867
10061
6284
9673
5785
2114
32235
14386
1547
31526
16847
30234
4567
24691
27672
3053
10380
20745
17527
11182
22769
29218
9868
8331
26442
17801
24907
16565
18390
18951
9636
12654
8860
30
18531
12644
17512
9978
23381
23869
8464
17829
25004
8819
19195
21626
9124
21602
996
6876
25959
6047
19164
5416
1326
6028
2958
30439
17578
14889
21191
7497
16802
17965
11318
1487
25053
12118
3440
7495
13890
31997
29238
31485
6462
32493
3579
23600
3174
17525
13985
29635
6494
2492
27780
25141
14841
3925
9145
27091
2977
4115
12952
13100
20986
18719
2423
13766
3266
18503
6073
6415
9468
29849
520
8598
30029
1329
3550
32379
12710
23119
26186
2853
29219
27821
7665
22834
25907
18191
4691
5812
27898
15899
5199
9370
11251
23147
31209
29036
17626
10465
32076
27708
20937
25914
3339
9177
22177
13030
29100
26181
12971
22551
27751
29801
21887
12057
13099
7688
15141
16865
28130
23026
29563
17384
6390
11898
14550
24122
28948
32297
23020
457
19504
3252
31474
13320
969
20524
29185
2485
21614
25205
17086
17398
22145
9977
32058
17320
29755
30877
1047
18164
240
29685
32237
9507
21908
12723
30187
31923
5759
1382
28610
1962
1645
5217
29374
2602
2761
22776
20534
3910
17707
26099
10535
26644
26143
32316
30492
8451
7464
21723
7249
24943
18948
2340
16151
26995
21298
13103
29818
8703
17842
5257
32290
29482
8716
16681
8055
21705
31379
21670
19977
19776
18155
1959
16686
21144
4297
14746
9453
16850
24058
17065
29722
24699
31655
8681
15811
7297
3799
23509
22987
32325
3637
7420
20693
241
2324
29942
31587
17676
24496
15772
7231
20812
20662
633
31259
21931
7
31867
15476
9404
23225
30190
4028
22336
31839
10923
21687
19957
31115
30861
24358
1454
13201
29733
1955
29096
6541
13743
5324
20508
31399
29252
16291
11537
19861
13649
22325
1908
4450
20039
18298
19562
11118
18068
1917
7397
26295
29651
12988
4470
30806
31295
20946
28770
11597
21358
5715
2551
9599
11580
3576
12064
16384
13573
4348
30264
7311
8983
28613
16924
22113
6758
9159
16260
23585
12418
1958
19603
2356
12743
23194
32428
25665
30163
4888
14984
9969
22590
17583
4741
29427
10629
7472
24385
22596
11334
15633
18024
4269
29363
28435
9162
5261
12353
803
2225
27864
21408
20606
17777
26208
31984
8985
12608
2643
9266
6208
9288
5
1020
11901
22523
15344
7281
3259
8615
8186
25201
17579
15178
28918
28429
5223
3751
17772
17214
27478
13977
20893
29654
13903
10920
13506
20918
14081
18650
11157
25154
27282
12747
19474
15378
17286
11008
11903
7146
15075
31609
10154
17901
31890
30341
30834
1805
13065
10459
5768
27334
13863
23525
29303
30988
8543
25439
24290
4226
5401
26913
32013
12524
10069
11065
21152
18919
18322
24637
27815
25048
6638
13792
13276
10530
3470
7618
22057
19868
12864
23693
26985
8770
4447
3901
11119
28458
3576
6847
841
32186
4138
14782
10181
13593
32723
7354
3893
23267
21097
20570
3184
19489
12325
24067
15641
17016
29799
23209
11556
31136
3414
22501
21397
18712
32454
27464
19595
1560
3168
16368
29822
16840
20220
26200
18629
14255
14674
22132
12635
110
20434
22526
6114
23726
6096
17675
28648
11351
484
23265
5226
26114
21393
3340
7830
8882
21540
3759
6613
4542
16607
1561
14601
26898
19543
7832
28947
9624
11547
27794
7321
12272
32662
22481
3334
14695
32567
31
11474
25895
23247
20499
5891
4523
10298
12842
18420
22134
15169
7193
19285
2565
25535
25698
2931
25602
22275
5670
9657
4026
18550
14138
26743
17105
30077
13437
24035
11316
10401
26728
2142
20304
30702
28646
13304
8066
17048
16742
309
28622
12773
14895
3346
2771
16710
5620
23107
1790
4551
1193
24511
11007
3242
21141
24702
30329
6479
22183
28801
8958
27224
6925
19220
12602
9738
29699
24144
22126
28149
30953
12259
24097
2519
5017
32532
21522
14782
6647
18433
2672
29549
9674
3115
20557
3841
7882
1077
27729
9940
11001
7913
12203
11938
31031
29052
13645
1514
6673
32019
8537
2455
23259
28037
29910
26848
22270
13667
18856
16749
13202
11062
2751
18107
14640
3079
31886
30913
16385
1829
10687
11732
8731
14114
2085
29640
10254
11295
27122
3160
9145
27465
3882
2247
11619
1956
27479
18632
14087
14344
29567
24732
27118
3689
2131
10874
643
13403
20649
1843
7780
20692
6188
4630
12469
31540
1618
19473
4281
24452
16783
538
22179
30715
21193
29389
31401
32711
23819
30551
27227
778
32125
13202
2099
12322
26516
4465
18797
20013
4486
2975
26136
31948
1281
2915
20334
8488
10268
24007
24673
9267
4750
1017
31862
26161
17181
25329
4310
2934
18778
5716
11171
1649
14220
27289
7560
745
28906
17002
22932
5767
10253
27469
1864
23189
8612
9603
31470
21253
3946
25392
2093
18101
5973
701
25307
27889
23312
2171
530
5178
5036
7049
14726
9797
5523
18935
32021
11591
20669
22571
672
15984
8486
8068
13850
28085
895
16446
13278
11987
547
10902
15686
18321
28238
17198
23417
14149
14729
9906
9348
14233
873
20668
22189
14991
12153
10741
15875
2499
6005
16766
6202
27377
11705
13710
27318
28086
9208
3932
32486
18075
27185
5695
30931
23375
6623
24083
15353
25652
8561
5344
4693
18205
17401
21430
18879
3927
16680
30427
15226
9958
14714
16681
29194
13584
8878
20145
24901
17952
24697
6820
25773
8292
21883
7284
30717
27256
114
16438
24066
1734
31150
15947
10668
18510
25797
5695
23909
25763
10887
12529
5281
18230
3892
28148
27575
10711
30957
8246
6639
5753
31337
15839
29148
13878
30185
18300
15340
4499
27758
10845
7997
9732
19753
8763
3250
29875
22835
24095
24647
28285
28542
27774
11425
24893
21772
12969
25834
19022
19806
29541
22747
12875
5936
10453
14106
30233
8547
13729
2503
8488
3131
12625
24913
15605
19146
21498
8591
14804
30892
17693
9484
21740
14325
20940
10914
8067
11112
19982
16714
2940
24810
9605
9778
8477
16438
24398
18704
16918
20945
6441
27319
7615
29249
15834
2535
15010
17786
31439
4714
14649
32409
14594
604
13305
20436
7457
31179
24719
5809
21229
26752
22121
6263
10208
19995
7800
25314
14610
16486
28724
9499
14429
11235
16353
5351
3263
679
529
13343
20993
19819
18539
2656
31638
21217
7082
9987
7878
18756
14057
32592
10252
17971
2077
31982
32700
24767
6627
20638
25064
14787
19068
23850
28037
24180
29717
20119
11978
14648
27212
12706
10457
1212
28913
8043
8865
30016
4105
20843
15107
3126
26905
12715
2099
18956
29089
15160
18018
12870
14054
16082
22938
21967
3828
24548
9961
22417
23268
23993
2241
8003
15963
31980
25247
11906
28755
9504
6123
19492
2334
1778
27167
31177
29095
24108
556
26546
22524
9275
10522
23255
19721
18148
29678
14643
28582
14130
26320
12387
18645
25779
21357
10863
15684
30948
30363
1256
14362
26345
6459
15923
29424
9089
14436
3364
32540
6458
30910
5839
29750
11489
26923
13978
26581
26173
22701
3223
4762
4349
17284
17937
18032
27118
7062
21605
6673
11377
28692
1555
28109
5165
14427
13845
11655
9985
17944
1392
29696
23356
8880
21256
29528
28177
23519
26040
18129
32325
927
31906
4567
16171
26443
14788
4157
22482
16900
6861
31690
17021
28244
29742
27380
16467
23313
8819
3307
13656
18308
26068
26329
156
2763
7175
30312
9395
27260
19545
23942
21604
17547
14845
31589
14245
4206
28836
5829
31944
31614
32590
32117
2543
9377
21855
15639
25285
15142
30197
22821
5744
1264
30073
8753
18881
4055
30068
4721
12718
4683
4772
21370
4611
16186
31056
20812
5204
4404
5080
32399
2870
20686
1936
11804
30127
23108
29646
9663
22250
26210
10050
20027
13871
23204
16262
9359
23315
25756
26358
20600
6636
25748
9410
1079
17544
27509
29506
2452
4895
20455
4233
8227
6533
7866
15676
4294
7332
27269
23973
6771
23594
16012
12547
7224
9343
14567
4900
8316
15610
4065
31798
11655
1620
1695
13019
32581
23901
5378
25723
3654
5613
18125
6110
2058
8734
5643
11770
7292
14776
17579
25865
17596
5613
31086
4575
26401
5447
9219
891
31871
23518
27760
17628
6821
17358
12723
12566
2090
12776
23465
3492
15722
8872
1072
7936
30411
871
15240
27505
15429
11218
27648
8228
545
2971
8398
19583
18176
24687
13374
26546
21280
2087
10511
21647
31963
17218
13081
22427
5744
31635
13108
13157
26886
25399
10838
24342
24814
32714
26619
2890
20265
30170
30666
26910
25642
10396
4725
26506
18396
478
5601
23282
29415
30269
18567
17143
11568
6552
27674
8851
21918
22469
25449
7781
22308
9602
28552
21833
28412
15790
18474
10028
10288
16057
4946
24095
12383
15449
43
28073
27070
6526
2355
15458
24157
16009
8607
11197
30892
32696
20988
21030
9533
18405
2066
6989
16843
23409
7693
17089
32124
18299
23775
23744
3683
20821
32224
24910
24649
31288
28599
28036
8365
27446
25214
12075
19465
23921
24353
11913
8279
21131
28167
27259
6356
12637
4341
31428
22276
6892
5167
11429
7414
2968
31456
19886
15561
7319
2747
6355
8559
31138
15075
31170
21681
24302
2568
6772
9843
13150
32723
28418
22842
4855
23941
13243
30699
23956
16859
4467
14550
7643
17460
23581
4594
23663
19189
8093
25194
13159
8493
28375
21849
13824
3957
10508
25042
142
31771
10598
3108
1209
22143
5329
19548
26085
20924
14861
15883
31218
12939
14337
32073
16934
13413
24147
21753
28775
18920
31797
8783
19630
15484
4482
4496
3768
28470
5641
6169
32767
18685
19241
20387
31208
2539
19358
5829
5182
4085
19866
6842
6111
20175
19223
11877
2485
32522
1132
4754
25064
18560
4383
4991
17234
27633
29435
8091
18228
12270
24418
15245
12583
5366
13028
30584
8021
5344
17168
18814
2792
29048
649
29059
11459
22125
11101
18995
6768
21099
25491
11078
12122
27524
4099
16642
5693
21204
18795
32002
1754
31589
10174
1079
3055
6224
22463
15916
25958
17957
11983
27022
23245
25485
12547
23019
4614
23854
15738
17082
15936
28879
21742
13212
15142
11197
11912
10721
26709
10349
3833
23374
22804
20322
5574
7709
11327
8017
29923
4678
8325
16516
18052
28669
14548
26492
30000
8060
1296
19162
27159
32258
25355
12416
30117
29724
19378
22003
9815
16675
132
14339
462
8198
11593
32175
21538
10569
20992
2627
2424
5710
2329
31427
17879
18900
32228
4748
12087
16829
10058
23353
7643
22036
6843
31684
9953
26958
2919
2797
13592
28112
18865
24800
9233
25778
22240
11282
4473
14787
24856
19820
22693
8397
15242
16299
27759
22554
9959
3591
833
29750
32282
7698
18799
6391
6966
20708
3530
17339
2221
16245
7282
2801
21188
5706
15339
30427
3395
21588
115
22417
24945
28949
27027
15434
14399
11780
32245
28631
21700
5939
22901
7792
29417
30511
24954
2227
15974
16935
4999
26602
13805
15441
8717
26509
20132
24458
21380
22536
27609
17469
22457
32445
32498
4485
1898
10061
25506
14486
16912
23059
19555
32601
24060
23538
21280
7766
24229
23377
561
30167
25921
28259
27021
7754
3986
18092
5179
22504
14595
15809
29194
7572
20979
8015
2434
24326
16721
21598
1562
9768
1129
21463
30380
11200
253
31812
20517
8016
15768
15064
2177
9786
29727
9135
24055
22056
12969
24406
7792
11947
32400
4494
830
22051
11721
7501
29963
7646
27248
27142
19471
4484
5287
3626
24711
5554
30369
751
32610
23013
32506
17744
5949
8602
30026
2133
12689
10419
23801
23700
3115
10013
31317
28920
26333
14256
11745
20673
22900
9814
6640
17100
17897
26992
18035
11797
15068
19061
14096
10106
23101
476
10100
3266
6221
19005
25065
20701
26309
11955
25643
23917
8276
6276
18039
11654
18511
24580
6374
1458
29349
25782
11001
27961
26641
28853
29045
19615
23187
27474
32369
21869
15904
7935
16301
5941
6553
5740
30501
26064
25594
21743
8678
29930
16852
28201
16673
19649
14077
16615
14718
31785
8325
22854
15538
11220
2797
15899
29012
30416
14484
11665
19692
11345
27762
3348
21582
24241
19720
4206
13862
25525
29591
23600
29651
10770
31633
10068
3193
2095
9805
8224
24145
26669
26366
6222
12868
29989
27366
15465
9657
11696
29127
23162
26283
32685
2715
31716
30206
20798
2180
22157
25619
6932
17414
22846
15258
30701
31860
22349
3751
19802
28072
6009
23048
29126
28151
18965
13015
29620
10341
10857
29259
26184
18196
20309
21459
22281
8707
28471
14694
20709
17909
6927
2580
4214
26542
13537
24290
19843
5989
9563
29140
15818
18551
5304
843
13564
345
10980
10641
1546
18384
6881
16051
2463
7524
32105
24719
28141
8210
16085
14125
13229
9025
9277
30035
31841
21751
11233
18259
3549
17229
19655
9256
12037
22048
22950
13505
16856
4362
2819
17821
16046
12688
29850
30360
29885
32157
27135
7429
13282
22064
5765
3068
17311
25169
19551
14069
19296
26185
20229
25238
4098
6930
7386
22474
10901
6669
31755
19731
7265
12531
20154
31265
25640
12814
29276
2467
30891
5289
11871
23901
19567
31173
30224
22651
16065
26893
445
9253
7672
23052
790
8787
7930
23966
30937
739
28162
31652
26031
12009
15520
6396
28241
32326
28929
31153
8942
27516
23152
13166
30673
14784
3869
9273
12607
16721
22301
16733
18078
22025
18611
21160
221
31793
31182
28119
22543
24474
27346
17999
21593
16617
3739
9486
30223
19763
5056
7392
26906
5066
21268
20182
1949
3670
1907
21236
28632
28455
12987
6442
12620
10697
21528
22150
21791
27097
21381
21159
17859
27672
18063
10613
22995
28094
29276
21775
1597
9745
12013
5125
31654
32309
4000
32712
13066
31558
29945
26462
11683
3748
27553
16986
27661
16526
31919
20492
24743
26867
21287
14069
24892
27268
23232
14461
23523
9230
15339
19689
21283
3079
22800
15239
25947
10855
12571
811
25441
25785
19255
9951
14954
20593
4057
13015
13610
32640
13057
3491
22588
31526
5053
27048
24003
24839
13550
27345
5202
22146
13134
21634
9481
17982
23730
21454
1281
7173
19597
14825
5611
29398
12726
15072
14835
26933
8555
1159
24299
4038
7061
16819
17573
9754
9293
23978
672
6601
5792
7128
4327
31681
5263
22468
22583
24541
14426
322
3424
23226
27391
10473
23533
4550
1021
12487
9223
4505
5725
30036
20375
24201
3827
677
683
29560
2018
10722
11035
8945
30046
2810
13164
3700
4022
26261
23796
10253
7825
19531
1343
29227
2423
30995
23218
29104
20884
31230
17518
1605
22713
26405
376
7408
6564
19167
17174
28904
13697
2360
18044
20136
31409
23455
12711
3394
18633
13535
14218
12790
30174
8529
18280
29187
6400
30543
19329
1725
24068
27627
15088
2016
18055
24545
724
16420
31791
30923
2734
12305
6196
23188
22538
13077
1055
5423
5474
31444
22482
6793
63
21695
22729
20668
673
28136
32415
5253
31649
2324
8404
16376
31573
23314
12749
2418
30196
332
11036
20176
12858
18076
3842
8414
30478
10849
9010
8978
15459
24017
18648
4987
25436
11153
5594
3828
14771
32131
4958
26013
19547
29919
17804
5004
19812
18565
24725
12735
4384
23953
20212
29525
26244
20016
27892
766
20176
21171
7538
21681
22643
16610
7140
16285
8488
5523
12186
29793
17254
15483
9284
9087
13047
2627
11189
26638
19686
7390
3302
19120
7839
5659
17470
28868
10322
25718
30992
19421
7832
3636
27750
23922
28505
12975
17661
25303
3565
13806
23696
32107
19073
19064
29273
11028
14525
19818
26326
8936
27044
10440
25801
27181
31931
12305
7042
13700
19565
11030
28256
27233
14766
779
15766
21694
23263
17887
11307
25873
4593
29641
1861
2683
19918
19236
12966
32066
31476
1660
15991
3457
26467
16617
2628
18974
7610
29851
6473
5117
31645
18359
31724
29043
1881
7010
29322
13822
18635
4378
11638
21043
10622
31309
20031
24567
8211
26148
3634
16114
10982
16800
11808
21825
24046
15849
4962
18539
2021
28899
13849
17047
12969
25601
17594
6140
739
1374
8395
24728
15078
12042
6375
23077
25818
14497
1032
9801
26649
18211
8710
14605
3545
20223
25946
2960
14604
31857
2600
26365
21892
30222
7805
23482
16987
11678
24533
14562
15250
13097
4576
6134
1784
15957
12933
20687
26701
25071
12072
27095
8360
7623
32552
22649
32022
17089
18348
9686
14468
23849
27808
19386
13535
6471
13050
24014
20345
22067
22594
21263
21679
23275
17233
894
22217
24995
12889
11801
27681
27996
2597
6923
6280
7608
10914
11808
26085
29965
27807
32123
28703
17592
11473
16523
26685
13236
2074
11067
21196
4971
11530
2409
1409
30411
26279
11930
10272
16285
17513
3564
15516
5650
905
3660
29312
32415
7548
28392
18829
523
8122
20455
18341
7111
12483
13144
17896
25213
26212
2665
6428
7915
20790
8922
6482
17650
24937
2225
19654
746
2239
12334
14856
23353
15835
31745
9561
31780
17596
29627
15704
18917
24709
16003
31454
20221
21119
13834
14374
1739
19040
9665
17201
13918
11214
2633
28520
18312
19743
25898
27268
23091
4963
30921
22699
32760
4004
148
31707
21998
364
14720
27276
28864
25224
20149
6545
20227
24588
32391
15680
17862
25751
2985
17874
7018
6104
20125
31501
17588
30545
31599
31520
30752
27739
28579
8398
2936
875
7276
5326
20390
10387
24863
3698
24263
3404
27110
1928
4224
7026
26297
26494
2197
6544
11914
27081
5047
25694
8896
17286
18078
24968
26343
19554
4952
4017
16550
11960
18657
22456
13297
25338
12531
826
12159
31314
16415
31832
23935
31881
3101
15034
27783
23847
31841
467
25805
19420
26862
21607
23961
25630
7023
16715
9978
20
26244
28013
15289
12979
18266
32532
3979
11559
17790
20072
3466
4980
1267
32564
23270
1117
16002
26603
12760
22661
4689
27113
26840
23764
26807
7932
31248
3100
21839
35
7952
3068
12363
27029
21699
28933
23051
8197
23458
3612
23791
15141
2087
21279
24937
6505
30597
32460
10326
16653
31894
10206
32654
21081
22805
24952
25785
28452
5901
32455
19045
15255
5777
14820
13142
23603
9134
16887
6173
5397
10398
29858
19181
28281
20542
18077
19881
638
11459
8093
20033
22569
13992
11643
15679
28587
14314
29330
12957
25575
30584
4969
5338
17711
14565
10130
13901
4430
25697
4561
23736
27852
27367
9089
26400
365
15032
3892
1500
9723
22535
28314
14573
13125
28150
24484
2189
10856
27585
31976
11274
4173
569
13640
4821
8819
5493
18126
982
18671
30404
24795
18179
27057
31461
12673
3377
264
16507
25133
2602
9065
15035
18313
29951
19564
21608
18592
25248
7959
16129
16708
11945
31583
16953
25516
26239
3308
8103
23906
27292
14109
24255
17245
14887
588
5377
2409
7368
28243
32368
2256
7866
20046
31302
23091
4898
4515
16358
1721
4255
7744
24594
21612
7202
8228
26206
12767
30208
29217
12004
1300
15685
992
17466
24990
23884
24869
22945
27139
31116
15956
13695
24676
19381
11829
8208
10848
10236
25844
10840
19509
7090
11372
24924
7976
23068
28068
16785
18216
27519
29594
32405
11182
21114
19264
29469
30695
7064
25797
19759
26133
2854
23061
19089
23091
23874
32419
6529
4055
19509
7270
12710
24413
20739
545
14663
24130
21056
18152
19131
24270
13604
26336
11808
4854
1250
7494
23376
22144
9270
8115
22545
25704
15677
7838
18060
31619
25482
12066
14337
13922
7286
513
6072
6777
16823
3050
16955
8832
29237
759
7362
18458
1305
21882
16623
20661
13094
32249
4283
25009
27212
22647
18097
8132
32634
23797
22106
23965
12981
25401
12536
7623
14695
21454
17014
27601
17145
27212
15008
20652
11171
27866
30352
26196
20867
31984
7784
20146
16365
25954
19271
4546
9475
2458
18805
9969
17797
23076
19169
11721
25322
29297
7630
6607
18351
17364
15305
21932
28143
29137
17630
8588
29748
17303
15115
12484
21645
20171
4597
19127
4576
16263
26330
29434
20354
24995
29895
23734
1797
20275
6411
11598
20561
26704
31723
21058
28662
30748
12695
28244
8129
11008
26461
8681
17806
14904
28957
12977
3164
28818
19197
22154
5031
27762
25437
9634
10482
17178
16654
30684
16291
26920
22974
12662
6931
1120
11447
17128
24294
2732
30154
24591
31128
21089
