26820
2157
18132
14569
2690
20255
570
7808
16285
30316
20415
9716
10870
15997
14577
5227
5678
13893
14
5624
26134
15644
11034
27748
6503
18345
17710
31534
14132
27654
18963
21712
13980
31007
28688
11588
14148
7515
17407
21959
7685
24703
19366
9693
27105
29903
8773
30101
21820
9078
17260
3342
5960
22567
30735
11578
22978
4101
6620
5602
14044
12224
8396
11498
21370
1281
12025
10967
27040
30473
3759
28814
22315
10901
22213
27230
1216
7428
10542
9281
14595
31419
16331
29535
11273
13513
15235
22740
28431
6599
27030
435
31852
30210
29486
2123
964
32477
11064
23209
18047
3440
28273
27230
6265
27765
18884
2434
22779
15717
23251
6392
30699
14558
7892
27636
23359
20040
9118
1211
14519
26296
20227
3754
14284
20244
12385
14714
28644
3449
4212
22978
5831
9689
13166
29373
29526
4585
330
3406
26747
28730
2141
65
11356
11941
3630
3540
32724
13293
8839
31350
31267
19616
26828
206
15588
24382
2956
18175
9280
11165
3670
14635
18274
6540
29134
27958
23850
23223
24063
29644
22822
25547
18163
15013
21694
218
16257
25607
6318
2304
28263
14221
23226
30023
22937
4136
924
24264
31704
27491
4418
10259
22661
32235
26934
21969
440
29006
12126
23208
17549
12035
29925
23135
28606
23723
21369
10307
26743
28054
18615
1225
357
28041
26083
24180
18449
26814
10205
6649
15468
5421
2896
9634
9898
8458
12589
23536
32596
19087
10072
31108
7577
9467
10657
10815
8166
11995
28405
29097
17078
7560
22229
29327
6570
497
2824
23025
24284
10906
27021
28955
19569
26341
19156
6929
13421
3985
30766
16688
19147
30848
26241
29459
21966
12221
2368
15796
14482
11709
20890
32211
3046
23269
11762
12700
14686
3661
7568
3460
19619
27076
11414
22644
28430
14100
27701
21289
16757
10887
15136
11995
2117
11945
29249
22300
24017
7504
18860
4868
24298
2522
2513
16779
1456
182
23797
13622
9895
24614
21731
29430
17422
11842
30942
22605
11116
4161
28635
27826
4459
18164
6893
25143
8169
21651
13313
2409
10829
12220
17611
15479
31767
10169
2560
1431
30140
24066
5830
1190
27568
30978
19561
22542
31684
29726
31311
3309
19634
12532
14894
23156
27638
11744
23676
11405
15840
1477
31015
16832
13288
7434
30855
24663
15681
8162
10385
26304
9649
13777
12877
15156
22175
3692
906
24214
11886
11104
208
9886
25097
2997
5014
25398
7359
7252
26805
29476
21074
4551
29469
3050
30538
3905
1734
14570
5007
16094
8170
21966
25399
16171
10866
2087
31133
2537
23982
31828
6835
14350
72
27046
16025
18189
10363
8642
29550
17239
19584
12102
4454
31778
14153
18351
29980
9321
13682
5242
13354
1332
3701
6025
32760
9497
7709
11977
10961
2307
8765
31506
828
29234
4257
11854
31113
15747
2373
1246
17322
18418
14533
28217
29508
31837
16149
10454
12806
28299
28274
21837
6202
10092
30360
17593
20889
1698
20534
1632
1124
23873
31903
30870
11952
9683
28098
24798
28162
32160
10844
20307
25883
17196
620
20806
13333
32256
26600
14121
13999
29613
16302
29099
31974
3599
16061
18981
12741
30415
10149
31285
25725
3115
31804
26280
26552
4858
30611
414
15147
18922
25640
6120
13162
16909
8797
3509
21505
8340
29481
20078
4032
11738
23310
29662
25430
21924
12619
26774
32290
31911
12114
2448
27973
20298
5244
2834
31996
28078
12796
9429
17453
6379
29458
18791
3647
17821
13697
27854
5935
14240
1602
7790
19936
2839
5754
31277
4275
20147
31914
13524
6232
4914
5669
18360
1252
5157
7368
32667
16675
24055
17637
29389
12335
5419
30592
8854
22849
17125
31934
19417
1480
19116
10906
10993
1464
28014
27610
14047
3621
32196
13121
6055
26128
10616
12039
23543
21889
31813
20614
12810
2774
32733
31798
10188
27226
7473
30171
13887
31769
8940
23805
7197
27635
5440
19865
19391
20464
10982
30998
28733
10451
7008
19322
19927
20722
8834
28894
403
19780
23856
20256
25640
13500
25449
18391
5147
8661
17285
22156
27432
25199
17082
24359
25315
23001
1765
16551
11423
18735
3463
22
143
29158
5134
8124
26667
18085
21847
30356
2005
7766
16496
7164
11197
7550
3234
15280
7170
18889
20143
26105
31770
31722
29528
12322
14707
9121
17186
14636
19802
4637
21338
26307
22045
16005
2135
28272
19308
14546
3327
32527
20997
16095
25485
7812
29329
10179
29585
4010
14280
6494
14647
21644
30684
15410
31181
8408
19733
24948
8576
20624
440
20323
11878
14083
29486
10201
19650
23036
12386
7456
2179
27961
22379
26886
14349
8734
30315
14900
1084
8107
29623
3003
12710
13996
16696
6896
3873
9775
24337
28538
11654
1083
29057
10665
17588
7871
28171
2826
27095
26825
9173
27960
31466
18424
9039
6900
25466
22068
18708
16248
7853
27548
28693
24585
6788
1216
3828
5068
24669
22801
17582
28122
9916
13718
6269
19862
12362
28640
28925
2367
7198
1343
1677
9921
2876
14902
21752
5841
16219
20013
20565
9784
5868
5990
24875
6511
2647
6962
27609
9837
3720
30309
26421
16573
170
10759
18036
27603
32562
8268
14922
1952
21536
32198
3409
19300
21633
4826
8111
25284
22841
369
17908
24860
13567
27375
3905
32534
19369
14953
13999
22140
11946
24339
17390
4170
25305
2807
7981
14600
13172
18925
7226
12118
13924
1223
16619
24777
26050
17612
19132
18677
29339
19304
14265
26315
13552
21025
22175
7206
23809
1741
8766
11168
18892
6146
27681
18602
10448
26063
6769
28124
17174
10921
32023
28041
7026
12456
32289
28823
16903
26356
12647
22413
265
27514
1902
12782
18119
23779
10124
16326
28904
2246
13645
12674
23796
18972
1302
6660
25111
11253
1032
18167
6178
9322
22311
29536
4051
31699
30140
2166
24662
13370
17144
24756
11787
1295
27353
16684
3722
16156
1618
32030
28133
11452
19110
30665
22829
16968
18453
30849
21047
13011
31674
1282
4255
15639
14516
13828
21518
17582
11396
14864
11193
2950
694
31377
22314
8079
27588
5934
9283
20662
2871
11095
28288
17175
4367
4638
9084
29038
613
7241
28855
13263
30031
27813
32406
7832
17412
28317
23723
19875
31552
6922
823
28608
2026
32589
3565
9826
26613
15004
5113
3480
25220
26009
16705
63
2897
6185
5355
27767
5455
387
26911
